1.000000000000000000e+00 1.000000000000000000e+00 1.000000000000000000e+00 1.000000000000000000e+00 1.000000000000000000e+00 1.000000000000000000e+00 1.000000000000000000e+00
7.841567099813731567e-02 6.616878356627037272e-02 1.859344894026974948e-01 1.859344894026974948e-01 4.521969881727414275e+01 4.889210019267822838e-01 1.000000000000000000e+00
7.770004260784393879e-02 1.393968590404799646e-01 4.524128686327077986e-02 4.524128686327077986e-02 9.286659581854414114e+01 2.503351206434316079e-01 1.000000000000000000e+00
7.195961618026307238e-02 1.290701953603718699e-01 5.448000778285825262e-03 5.448000778285825262e-03 1.046213474745156873e+02 2.231734604533514854e-01 1.000000000000000000e+00
6.466329022137995430e-02 9.079603018770771028e-02 2.754639175257731984e-02 2.754639175257731984e-02 1.504879823788043893e+02 3.658556701030927782e-01 1.000000000000000000e+00
7.537768037601143278e-02 6.937804997856353295e-02 9.456264775413711354e-03 9.456264775413711354e-03 6.894002257883481377e+01 5.375295508274231526e-01 1.000000000000000000e+00
5.870585412082317961e-02 2.442325134302861592e-02 2.388751545117429043e-01 2.388751545117429043e-01 1.144410610827132047e+02 5.509888751545117813e-01 1.000000000000000000e+00
6.335604203911406052e-02 6.319893565971175520e-02 2.408702408702408700e-03 2.408702408702408700e-03 2.174379362782394480e+02 4.092463092463092256e-01 1.000000000000000000e+00
7.731255632135188016e-02 1.104981663870146097e-01 2.952516496312588834e-01 2.952516496312588834e-01 1.035613170129788472e+02 4.212705395264587649e-01 1.000000000000000000e+00
9.682235885787411622e-02 1.454373051019005048e-01 4.115004492362982907e-02 4.115004492362982907e-02 8.090336927761920549e+01 4.952380952380952550e-01 1.000000000000000000e+00
6.095760995921788161e-02 4.542755656702932021e-02 4.177691129369168893e-04 4.177691129369168893e-04 1.219321945715229134e+02 4.198579585016014581e-01 1.000000000000000000e+00
7.300430141393279837e-02 1.111792663029761291e-01 3.675344563552832965e-03 3.675344563552832965e-03 1.075303865894873923e+02 3.058703420112302007e-01 1.000000000000000000e+00
8.219399276334514448e-02 7.432087500945014358e-02 3.151260504201680752e-03 3.151260504201680752e-03 3.622623981545438454e+01 4.369747899159663884e-01 1.000000000000000000e+00
7.392285323432437605e-02 9.101817812853296719e-02 6.294517144276958777e-03 6.294517144276958777e-03 7.628586472251939199e+01 4.989233062779526162e-01 1.000000000000000000e+00
6.761530757318823248e-02 8.584509210943859492e-02 5.346700083542188509e-02 5.346700083542188509e-02 1.007496053268141480e+02 4.241158451684767239e-01 1.000000000000000000e+00
7.939917378815369853e-02 2.183443576811303632e-01 2.483967669715022863e-01 2.483967669715022863e-01 2.186422613829843442e+02 2.541266648958372953e-01 1.000000000000000000e+00
7.315322761113851602e-02 9.576471430014535380e-02 1.385015802193716172e-01 1.385015802193716172e-01 7.776505507683755525e+01 2.656627625952779348e-01 1.000000000000000000e+00
6.640109217573281208e-02 4.858689235278903368e-02 1.977175463623395135e-01 1.977175463623395135e-01 1.711292685497949719e+02 6.359486447931526065e-01 1.000000000000000000e+00
8.434799495317442386e-02 5.643002649756338057e-02 2.987477638640429478e-01 2.987477638640429478e-01 3.229488215539213769e+01 6.851520572450805480e-01 1.000000000000000000e+00
7.664653907890414675e-02 1.072065492966160494e-01 4.652708541043535685e-03 4.652708541043535685e-03 7.844538489787136371e+01 6.254569624459953570e-01 1.000000000000000000e+00
8.312737760454014246e-02 1.279016258532063854e-01 8.630854896822796885e-02 8.630854896822796885e-02 7.261456141251453289e+01 4.534883720930232287e-01 1.000000000000000000e+00
7.019063226952554357e-02 7.232685029537222476e-02 9.471932213648055765e-02 9.471932213648055765e-02 1.061533185476591825e+02 3.676804357694053449e-01 1.000000000000000000e+00
6.742583136318969217e-02 1.391267036134261059e-01 2.120323223378348387e-01 2.120323223378348387e-01 1.498462366447195961e+02 1.875138366172238169e-01 1.000000000000000000e+00
7.808817165719185438e-02 1.691589549302001949e-01 1.666782560322647988e-01 1.666782560322647988e-01 1.340078736594382178e+02 2.606911897642723019e-01 1.000000000000000000e+00
7.135839380299321966e-02 8.623862487596462012e-02 1.133667281834959198e-02 1.133667281834959198e-02 1.161641186941511279e+02 4.832586343263907125e-01 1.000000000000000000e+00
7.172623098604427594e-02 4.169341828374792391e-02 3.562917756466143504e-01 3.562917756466143504e-01 1.164197991255505826e+02 4.641092705608834690e-01 1.000000000000000000e+00
6.764577405382703190e-02 1.180319613464286960e-01 1.685485526585916716e-01 1.685485526585916716e-01 8.536335596345955423e+01 2.976801478135906575e-03 1.000000000000000000e+00
8.746609182396539173e-02 6.429322580176109747e-02 1.321786690975387465e-02 1.321786690975387465e-02 6.333353873718133542e+01 8.637192342752962881e-01 1.000000000000000000e+00
7.239827688123537386e-02 9.726387465914514141e-02 1.459214942361009883e-03 1.459214942361009883e-03 8.843945409767331967e+01 3.782285130599737366e-01 1.000000000000000000e+00
6.879660355444994213e-02 6.889896466686311338e-02 3.052192491606470497e-04 3.052192491606470497e-04 1.568913747828503347e+02 5.348458642791739104e-01 1.000000000000000000e+00
7.349713109858681259e-02 1.246086793376024460e-01 4.932554862089792366e-03 4.932554862089792366e-03 9.747938793167038796e+01 3.099456412321320853e-01 1.000000000000000000e+00
6.814483550366168263e-02 1.283251820828694989e-01 2.078151446022518112e-01 2.078151446022518112e-01 1.212068306076069462e+02 2.069320774155566922e-01 1.000000000000000000e+00
6.871278460049395909e-02 4.128812204930782520e-02 2.329514457174031716e-01 2.329514457174031716e-01 7.136007177718751393e+01 8.445171849427168809e-01 1.000000000000000000e+00
1.202142147308168790e-01 1.380837860232613790e-01 1.128096995255666868e-01 1.128096995255666868e-01 3.305019970318990374e+01 1.481286241433842910e-01 1.000000000000000000e+00
8.328875283529724172e-02 1.375019859792148413e-01 1.501050735514860418e-04 1.501050735514860418e-04 1.329029092310257454e+02 4.761332933053137317e-01 1.000000000000000000e+00
8.210625765912836493e-02 1.370768451685327183e-01 3.212742980561554829e-01 3.212742980561554829e-01 9.024378848106759676e+01 3.195194384449244196e-01 1.000000000000000000e+00
7.878157471237194620e-02 1.238385234534148255e-01 2.677851266333279578e-02 2.677851266333279578e-02 6.699135147510908439e+01 2.579448298112598792e-01 1.000000000000000000e+00
8.052490649692586877e-02 1.376699949557847469e-01 3.761261261261261146e-01 3.761261261261261146e-01 9.802426089971811507e+01 5.929350403034613359e-01 1.000000000000000000e+00
7.603685571274541866e-02 8.339003732510175126e-02 6.916825177243645685e-04 6.916825177243645685e-04 7.555345766618491155e+01 5.080408092685457788e-01 1.000000000000000000e+00
9.786148873508451751e-02 7.209749584524456634e-02 7.137064071370641249e-02 7.137064071370641249e-02 4.233796472270429234e+01 8.410381184103812302e-01 1.000000000000000000e+00
8.955728649821174947e-02 6.906747273343290250e-02 1.663597298956414894e-01 1.663597298956414894e-01 4.240953402803840078e+01 4.972375690607734877e-01 1.000000000000000000e+00
7.242401209131595075e-02 6.395918934334443584e-02 1.793420587194906324e-01 1.793420587194906324e-01 5.849790919490005336e+01 5.719844357976653360e-01 1.000000000000000000e+00
7.662928230890886372e-02 1.084135416377987604e-01 1.801767191701882376e-01 1.801767191701882376e-01 8.852042090082147752e+01 4.341144832885132643e-01 1.000000000000000000e+00
9.090946638898608767e-02 1.669831607537507479e-01 5.245901639344262291e-02 5.245901639344262291e-02 9.208356719142750535e+01 3.894353369763206008e-01 1.000000000000000000e+00
7.068820841607791061e-02 9.004783359673211585e-02 4.859890393961327493e-03 4.859890393961327493e-03 1.415374067060737957e+02 4.925033605625064870e-01 1.000000000000000000e+00
6.874176236364505643e-02 8.886126431400680203e-02 2.003081664098613213e-03 2.003081664098613213e-03 6.749379675417736735e+01 3.369799691833590405e-01 1.000000000000000000e+00
1.240180612835735663e-01 1.769338383137155357e-01 8.241439349970980377e-02 8.241439349970980377e-02 5.155201943905281325e+01 2.603017991874637116e-01 1.000000000000000000e+00
7.781531689468307311e-02 1.678138864135188257e-01 1.983845826838600002e-01 1.983845826838600002e-01 1.372856728314446570e+02 3.344905767323225199e-01 1.000000000000000000e+00
8.194735924251865533e-02 8.136505558511022973e-02 5.564142194744976441e-03 5.564142194744976441e-03 4.802531358076300450e+01 3.947449768160741779e-01 1.000000000000000000e+00
8.142857637016859274e-02 1.290871139106199994e-01 9.773662551440329832e-03 9.773662551440329832e-03 6.273334434720496233e+01 4.195816186556927119e-01 1.000000000000000000e+00
6.966387809997202918e-02 7.833951876863545771e-02 4.026447173121036061e-01 4.026447173121036061e-01 1.055785203172565900e+02 4.923761975441910410e-01 1.000000000000000000e+00
7.270948458100766343e-02 1.043023695542068113e-01 3.515225334957369219e-01 3.515225334957369219e-01 1.238474909139684428e+02 7.140073081607795080e-01 1.000000000000000000e+00
9.235717367345870621e-02 2.232612379693102167e-01 4.786818678744338834e-02 4.786818678744338834e-02 1.264947570188013799e+02 2.014680618460096828e-01 1.000000000000000000e+00
7.268877431856901605e-02 6.342125836844098030e-02 1.886792452830188694e-03 1.886792452830188694e-03 4.641572229341196731e+01 5.222641509433961771e-01 1.000000000000000000e+00
8.245616281173892559e-02 2.017394599673105471e-01 1.697519572693349105e-02 1.697519572693349105e-02 1.027281996095393879e+02 3.229677324943294181e-01 1.000000000000000000e+00
7.535362276006460358e-02 1.642805116056652304e-01 1.463997190024587391e-01 1.463997190024587391e-01 1.172304709081475806e+02 5.784334387074112627e-01 1.000000000000000000e+00
7.317764395805211042e-02 9.127819824999770792e-02 7.622354497354497105e-02 7.622354497354497105e-02 9.258962664903700102e+01 3.998015873015873245e-01 1.000000000000000000e+00
7.186725027681704903e-02 1.127573379882109705e-01 4.163108454312553289e-03 4.163108454312553289e-03 1.043802202328944162e+02 2.986763450042698720e-01 1.000000000000000000e+00
6.711488745674952516e-02 4.704693239066747718e-02 1.644444444444444486e-01 1.644444444444444486e-01 4.218114525023811012e+01 4.022222222222222032e-01 1.000000000000000000e+00
6.910575169917396177e-02 7.936136406924393372e-02 3.869307949575507832e-01 3.869307949575507832e-01 1.249367789428086724e+02 4.147157190635451518e-01 1.000000000000000000e+00
6.731732339396047371e-02 1.995975482410671242e-01 4.437004896301898760e-01 4.437004896301898760e-01 8.947504919479611090e+02 4.806974244655865536e-01 1.000000000000000000e+00
7.322889839127570688e-02 9.078763640217446529e-02 3.503240497460150676e-03 3.503240497460150676e-03 8.619871940955536616e+01 5.862672972499561874e-01 1.000000000000000000e+00
7.275923735142517113e-02 8.735923608146592412e-02 5.029721079103795581e-03 5.029721079103795581e-03 5.970899384653571218e+01 4.711934156378601024e-01 1.000000000000000000e+00
6.771086925355102037e-02 6.025922736910506450e-02 1.652315569001629181e-01 1.652315569001629181e-01 7.842415153392582283e+01 4.996509192459855919e-01 1.000000000000000000e+00
7.880636296149481912e-02 2.182415610608833267e-01 2.302491103202846945e-01 2.302491103202846945e-01 2.350805619297163673e+02 2.507117437722419795e-01 1.000000000000000000e+00
5.919471647702555933e-02 2.274158623577909530e-02 2.810251798561150816e-01 2.810251798561150816e-01 8.776603296326989323e+01 6.034172661870503829e-01 1.000000000000000000e+00
7.646992691282883392e-02 8.894658324325578624e-02 1.662356852604359239e-02 1.662356852604359239e-02 1.344182449874523968e+02 5.717276197512621838e-01 1.000000000000000000e+00
8.489841646745331649e-02 1.355625515541148407e-01 1.608025153466087764e-01 1.608025153466087764e-01 7.941688684290507183e+01 3.311873034885461919e-01 1.000000000000000000e+00
7.093015707080120580e-02 1.307948678075345483e-01 1.749745676500508718e-01 1.749745676500508718e-01 8.145367390967196286e+01 1.795523906408952319e-01 1.000000000000000000e+00
6.880631822530776376e-02 1.283605589153881399e-01 2.147694524495677160e-01 2.147694524495677160e-01 1.275075735849719365e+02 1.930835734870317011e-01 1.000000000000000000e+00
7.093817544821692800e-02 1.161554949384642071e-01 3.338412847262923200e-01 3.338412847262923200e-01 8.463965403042521984e+01 3.174305474153088502e-01 1.000000000000000000e+00
1.023271035295464509e-01 6.806614353289382191e-02 2.080321285140562249e-01 2.080321285140562249e-01 4.615841787299344645e+01 8.602409638554217031e-01 1.000000000000000000e+00
7.281647665562042404e-02 6.338758447211989555e-02 1.321873147599288700e-01 1.321873147599288700e-01 5.808103154445898753e+01 5.714285714285713969e-01 1.000000000000000000e+00
7.724237298442872268e-02 1.770958401479255373e-01 1.593608682544467858e-01 1.593608682544467858e-01 1.254715662420064035e+02 2.038589086523967531e-01 1.000000000000000000e+00
7.786493510480393954e-02 1.618189853168875703e-01 2.265141889030072020e-01 2.265141889030072020e-01 1.157677087519237062e+02 3.285048708174502230e-01 1.000000000000000000e+00
7.707342638775420418e-02 7.600126719679976828e-02 3.377720870678617149e-01 3.377720870678617149e-01 6.887224372657625793e+01 6.460947503201024400e-01 1.000000000000000000e+00
8.743839033533007399e-02 2.205561146248946058e-01 2.634153158188932281e-02 2.634153158188932281e-02 1.153380828093324197e+02 1.797792062604807173e-01 1.000000000000000000e+00
8.198553876836925380e-02 1.288284869714755587e-01 6.896551724137930939e-03 6.896551724137930939e-03 6.659890273183275156e+01 3.863793103448275867e-01 1.000000000000000000e+00
8.317650814765595313e-02 7.416652127090041235e-02 3.793466807165437465e-02 3.793466807165437465e-02 4.121906412768043992e+01 5.226554267650157515e-01 1.000000000000000000e+00
5.671986044002770566e-02 2.416304883625177563e-02 1.190684133915574927e-01 1.190684133915574927e-01 1.058873393773746869e+02 5.371179039301310354e-01 1.000000000000000000e+00
6.992544848936316226e-02 9.553812284561764845e-02 4.076507519345889952e-01 4.076507519345889952e-01 8.131060209366749802e+01 3.949481676157103327e-01 1.000000000000000000e+00
1.209785721905581451e-01 1.455084379662095750e-01 9.225225225225225367e-02 9.225225225225225367e-02 6.070805678835423436e+01 2.850450450450450202e-01 1.000000000000000000e+00
9.139666500520308989e-02 1.593168668331661209e-01 2.215543751747274248e-01 2.215543751747274248e-01 8.592007502569509825e+01 2.818003913894324697e-01 1.000000000000000000e+00
7.325680202142964559e-02 1.333494952768259634e-01 9.641811218742959988e-02 9.641811218742959988e-02 7.883319858742457598e+01 2.203198918675377260e-01 1.000000000000000000e+00
6.999891146677651721e-02 1.250903886392516207e-01 1.697604144183034736e-01 1.697604144183034736e-01 8.625132399256655447e+01 1.152600906540038883e-01 1.000000000000000000e+00
7.385470452770626082e-02 7.996423457068196905e-02 3.442846034214618878e-01 3.442846034214618878e-01 6.516442625423194102e+01 3.444790046656298621e-01 1.000000000000000000e+00
6.489971263768430643e-02 1.020215197573170890e-01 1.719275409480420791e-01 1.719275409480420791e-01 8.218549911588014822e+01 1.340709404490725565e-01 1.000000000000000000e+00
7.816584038775234444e-02 1.184403658841710894e-01 2.147792129768699432e-01 2.147792129768699432e-01 6.893088108001759906e+01 3.606188044457795394e-01 1.000000000000000000e+00
6.577160422935647566e-02 9.268743912477468705e-02 2.675283286118980142e-01 2.675283286118980142e-01 1.338659488003435740e+02 3.722556657223796139e-01 1.000000000000000000e+00
7.300351202325468247e-02 7.705234965310998885e-02 1.663232263762143004e-01 1.663232263762143004e-01 4.787508466434348975e+01 4.951427730350309031e-01 1.000000000000000000e+00
5.722646730485945327e-02 4.041818463020831198e-02 2.107251852928353555e-02 2.107251852928353555e-02 1.038984896953799932e+02 3.775614009591629072e-01 1.000000000000000000e+00
8.400956200696299558e-02 1.395810498979914160e-01 1.820664542558033706e-03 1.820664542558033706e-03 7.854000116419530286e+01 7.655894401456531106e-01 1.000000000000000000e+00
7.575241099503872422e-02 1.298726260966037993e-01 2.893950709484689916e-03 2.893950709484689916e-03 1.099538901267518725e+02 2.689507094846900759e-01 1.000000000000000000e+00
7.390553635192870230e-02 6.091550561994069773e-02 3.116883116883116811e-01 3.116883116883116811e-01 5.012015998465881239e+01 3.079004329004328966e-01 1.000000000000000000e+00
1.481686937552122441e-01 1.138728002048744053e-01 2.453007518796992414e-01 2.453007518796992414e-01 4.777317952531773670e+01 6.757518796992481036e-01 1.000000000000000000e+00
7.485865256828652670e-02 9.009727391582990352e-02 3.708010335917312494e-02 3.708010335917312494e-02 1.335036752321413474e+02 5.812661498708010521e-01 1.000000000000000000e+00
7.676178757151293219e-02 1.392150127259128845e-01 1.636684303350970093e-01 1.636684303350970093e-01 7.942323843788027204e+01 1.563786008230452773e-01 1.000000000000000000e+00
8.689254123583964318e-02 1.270128994034191439e-01 3.084878744650499174e-02 3.084878744650499174e-02 6.882673882250836073e+01 3.022467902995720213e-01 1.000000000000000000e+00
6.598089007167266817e-02 1.304491477531496690e-01 2.199406798996121348e-01 2.199406798996121348e-01 1.488773446043984165e+02 2.142938626511521893e-01 1.000000000000000000e+00
7.814836725472182333e-02 1.298254057659220806e-01 3.689217758985200990e-01 3.689217758985200990e-01 6.190173202105200545e+01 3.714889761401389268e-01 1.000000000000000000e+00
1.487901225882269085e-01 3.771433845130837959e-02 4.466666666666666563e-01 4.466666666666666563e-01 1.785481471058722747e+01 9.599999999999999645e-01 2.000000000000000000e+00
8.174413703719081437e-02 2.404216054153871310e-02 3.906250000000000000e-01 3.906250000000000000e-01 1.732326914415647323e+01 9.343749999999999556e-01 2.000000000000000000e+00
7.921894675287018128e-02 2.890007552529504087e-02 5.087281795511221505e-01 5.087281795511221505e-01 1.879692635231073083e+01 7.007481296758104605e-01 2.000000000000000000e+00
7.559133781748102188e-02 2.164576250945611860e-02 5.126582278481012223e-01 5.126582278481012223e-01 1.910948291056998016e+01 7.879746835443037778e-01 2.000000000000000000e+00
9.450849463355689983e-02 2.857385878562530845e-02 2.662721893491124536e-01 2.662721893491124536e-01 2.314773482314801001e+01 6.982248520710059303e-01 2.000000000000000000e+00
6.887868703211540156e-02 1.576910264777033055e-02 5.612903225806451513e-01 5.612903225806451513e-01 2.224207513696664762e+01 9.806451612903225312e-01 2.000000000000000000e+00
1.247122476111180711e-01 2.338397011828386579e-02 7.125000000000000222e-01 7.125000000000000222e-01 1.735126779394177987e+01 7.249999999999999778e-01 2.000000000000000000e+00
6.258875185311729705e-02 1.582424851556133230e-02 3.958333333333333148e-01 3.958333333333333148e-01 1.929341071440969557e+01 9.017857142857143016e-01 2.000000000000000000e+00
8.996958554891205939e-02 2.375363482189722653e-02 5.287958115183245544e-01 5.287958115183245544e-01 1.168992740985481582e+01 9.057591623036649331e-01 2.000000000000000000e+00
6.845472190806663193e-02 1.637643530857099336e-02 4.962686567164178997e-01 4.962686567164178997e-01 1.853117260248382081e+01 9.701492537313433084e-01 2.000000000000000000e+00
7.657037721751881743e-02 2.715547260188524298e-02 1.914062500000000000e-01 1.914062500000000000e-01 2.319765195739014274e+01 7.011718750000000000e-01 2.000000000000000000e+00
6.883537352629212624e-02 1.829854113687935310e-02 3.902439024390244038e-01 3.902439024390244038e-01 2.267879948802180934e+01 9.159891598915989031e-01 2.000000000000000000e+00
1.277576729464715566e-01 3.322840819712090388e-02 5.476190476190476719e-01 5.476190476190476719e-01 1.375851912966410140e+01 7.559523809523809312e-01 2.000000000000000000e+00
7.873420490502031077e-02 1.944135688509578477e-02 6.040955631399317349e-01 6.040955631399317349e-01 2.306912203717095267e+01 8.259385665529009879e-01 2.000000000000000000e+00
8.588279704145419802e-02 2.917304682956229495e-02 4.361445783132530396e-01 4.361445783132530396e-01 2.679801715543604956e+01 8.698795180722891374e-01 2.000000000000000000e+00
7.883032783849784619e-02 2.294027536440973111e-02 4.436619718309859350e-01 4.436619718309859350e-01 1.622306284135474641e+01 9.084507042253521236e-01 2.000000000000000000e+00
6.242794546821164164e-02 1.504615652962966801e-02 7.024793388429752261e-02 7.024793388429752261e-02 1.056472697846741937e+01 7.851239669421488099e-01 2.000000000000000000e+00
7.169667842810409364e-02 1.758331465504557253e-02 4.189189189189189144e-01 4.189189189189189144e-01 1.946992095765563491e+01 9.628378378378378288e-01 2.000000000000000000e+00
1.048033969323405173e-01 2.713284899891689819e-02 4.913294797687861037e-01 4.913294797687861037e-01 1.427636845794884124e+01 8.670520231213872941e-01 2.000000000000000000e+00
1.218867553930813308e-01 2.493725098603849499e-02 6.139240506329114444e-01 6.139240506329114444e-01 1.869719645125916685e+01 9.810126582278481111e-01 2.000000000000000000e+00
1.074328276250761105e-01 1.977216921328016699e-02 5.384615384615384359e-01 5.384615384615384359e-01 1.523593620689500128e+01 7.435897435897436125e-01 2.000000000000000000e+00
1.194875442146987737e-01 2.848721421514547811e-02 4.339622641509434109e-01 4.339622641509434109e-01 1.507819877674777587e+01 9.119496855345912145e-01 2.000000000000000000e+00
1.457203718278415328e-01 4.440866995965576935e-02 4.216867469879517771e-02 4.216867469879517771e-02 1.431335744335158466e+01 8.855421686746988152e-01 2.000000000000000000e+00
7.818330797668160415e-02 2.134333091328972226e-02 3.456375838926174504e-01 3.456375838926174504e-01 1.878921780448531109e+01 9.060402684563758635e-01 2.000000000000000000e+00
7.005872833561951896e-02 2.475278970464360462e-02 1.402805611222444904e-01 1.402805611222444904e-01 2.198698903694291573e+01 7.675350701402805509e-01 2.000000000000000000e+00
8.229002352807521237e-02 2.504202354607537942e-02 5.000000000000000000e-01 5.000000000000000000e-01 1.542218293639680482e+01 8.843283582089552786e-01 2.000000000000000000e+00
7.815055758428576804e-02 2.221118233995589622e-02 5.688405797101449002e-01 5.688405797101449002e-01 1.621771062449323253e+01 8.043478260869565410e-01 2.000000000000000000e+00
7.439782970696770525e-02 1.974672837047725810e-02 2.955555555555555713e-01 2.955555555555555713e-01 2.517219946512922846e+01 7.777777777777777901e-01 2.000000000000000000e+00
1.240611513746007338e-01 3.144839112555295607e-02 5.174825174825175012e-01 5.174825174825175012e-01 1.285561099663773277e+01 9.580419580419580194e-01 2.000000000000000000e+00
7.084901010909179508e-02 2.351990554709146655e-02 2.806603773584905870e-01 2.806603773584905870e-01 2.029728371561821731e+01 6.698113207547169434e-01 2.000000000000000000e+00
6.972795526200539773e-02 1.879332095974612857e-02 3.571428571428571508e-01 3.571428571428571508e-01 1.825398475300699985e+01 9.658385093167701774e-01 2.000000000000000000e+00
7.254194372181560491e-02 2.096719284508727008e-02 2.914285714285714257e-01 2.914285714285714257e-01 1.953052044421870548e+01 8.800000000000000044e-01 2.000000000000000000e+00
7.190131060057723678e-02 2.059920081040630263e-02 4.850299401197604721e-01 4.850299401197604721e-01 2.088263978179919533e+01 9.251497005988024158e-01 2.000000000000000000e+00
6.905972373390598107e-02 2.073473295183032167e-02 1.683168316831683275e-01 1.683168316831683275e-01 1.847690341686777415e+01 8.193069306930692575e-01 2.000000000000000000e+00
9.116520702392229281e-02 2.764511834611558735e-02 4.860139860139859880e-01 4.860139860139859880e-01 1.990323729550460996e+01 9.055944055944056270e-01 2.000000000000000000e+00
6.732426716686747137e-02 2.016611777371838526e-02 2.400990099009900902e-01 2.400990099009900902e-01 1.638494363587858160e+01 7.202970297029702706e-01 2.000000000000000000e+00
1.152253935324097228e-01 2.630323421053439720e-02 2.931937172774868872e-01 2.931937172774868872e-01 1.803938848320047583e+01 8.952879581151832467e-01 2.000000000000000000e+00
1.319133562485564626e-01 2.960918654986880935e-02 4.511278195488721554e-01 4.511278195488721554e-01 1.703347663056988637e+01 9.548872180451127845e-01 2.000000000000000000e+00
8.203146985190154505e-02 1.805335453794136569e-02 1.836734693877551117e-01 1.836734693877551117e-01 1.351106497299442388e+01 7.755102040816326259e-01 2.000000000000000000e+00
8.014837622233128567e-02 2.331281376994256277e-02 4.733096085409252418e-01 4.733096085409252418e-01 1.521736532731899949e+01 9.003558718861209842e-01 2.000000000000000000e+00
6.980131349491236481e-02 1.943732869980118599e-02 4.657142857142856918e-01 4.657142857142856918e-01 1.864920671017976872e+01 9.599999999999999645e-01 2.000000000000000000e+00
1.194253088538671653e-01 2.217565417578108017e-02 5.594405594405594817e-01 5.594405594405594817e-01 1.742635422781112453e+01 9.650349650349649977e-01 2.000000000000000000e+00
1.310040202518218400e-01 3.161188441727756648e-02 4.967320261437908613e-01 4.967320261437908613e-01 1.590763416104070949e+01 9.411764705882352811e-01 2.000000000000000000e+00
8.141770178106866318e-02 2.296962121630977821e-02 5.536912751677852684e-01 5.536912751677852684e-01 1.311485209810174091e+01 6.375838926174496324e-01 2.000000000000000000e+00
8.213876862817900970e-02 2.126909051706630735e-02 6.711864406779660674e-01 6.711864406779660674e-01 1.755864835933693513e+01 9.559322033898305371e-01 2.000000000000000000e+00
1.209015052381942068e-01 3.159824658314457774e-02 6.809815950920244942e-01 6.809815950920244942e-01 1.209014967498026394e+01 6.993865030674846217e-01 2.000000000000000000e+00
1.411126635213118818e-01 3.316656118925313812e-02 4.728682170542635732e-01 4.728682170542635732e-01 1.569269698784804135e+01 8.682170542635658794e-01 2.000000000000000000e+00
8.988534552431574898e-02 2.507258894938250299e-02 7.542087542087542174e-01 7.542087542087542174e-01 1.474914668376571214e+01 7.643097643097642724e-01 2.000000000000000000e+00
6.962034979576611771e-02 2.049599996207771349e-02 4.103343465045592442e-01 4.103343465045592442e-01 1.613034778321075180e+01 8.996960486322188588e-01 2.000000000000000000e+00
6.723413531485554484e-02 1.609286513099707910e-02 5.700934579439251859e-01 5.700934579439251859e-01 1.563924862585038511e+01 6.074766355140186480e-01 2.000000000000000000e+00
7.124493986898629283e-02 1.692964311845684619e-02 4.983818770226537409e-01 4.983818770226537409e-01 2.158302630507874653e+01 9.870550161812298162e-01 2.000000000000000000e+00
1.229850424136443299e-01 3.241829754241588174e-02 3.791208791208791062e-01 3.791208791208791062e-01 1.834695210543197419e+01 8.791208791208791062e-01 2.000000000000000000e+00
7.010080303526231016e-02 2.510644131711788074e-02 2.676311030741410635e-01 2.676311030741410635e-01 2.655188748394007092e+01 6.075949367088607778e-01 2.000000000000000000e+00
1.230333190577168612e-01 2.363976167733095046e-02 2.500000000000000000e-01 2.500000000000000000e-01 1.463098124826703739e+01 9.166666666666666297e-01 2.000000000000000000e+00
1.253797060359952142e-01 1.729229441653314103e-02 8.773584905660377631e-01 8.773584905660377631e-01 1.983619003945417347e+01 8.962264150943396457e-01 2.000000000000000000e+00
1.375291823962210558e-01 3.153587497781270427e-02 5.437499999999999556e-01 5.437499999999999556e-01 2.245375455296789724e+01 9.437499999999999778e-01 2.000000000000000000e+00
1.147443591009376929e-01 4.018796842835697242e-02 4.882943143812709108e-01 4.882943143812709108e-01 2.144284699461456967e+01 9.163879598662206805e-01 2.000000000000000000e+00
7.430835344499207851e-02 1.905927788930568412e-02 4.694533762057878090e-01 4.694533762057878090e-01 2.288109266819925125e+01 9.678456591639871265e-01 2.000000000000000000e+00
6.998698649585360920e-02 1.856005541636930947e-02 4.801324503311258374e-01 4.801324503311258374e-01 1.437827624648558889e+01 8.543046357615894371e-01 2.000000000000000000e+00
1.183383475438882226e-01 2.276456919345760943e-02 7.153284671532846861e-01 7.153284671532846861e-01 1.907335933234115188e+01 7.445255474452554534e-01 2.000000000000000000e+00
1.086256011093263141e-01 2.650683202497366650e-02 6.649214659685863671e-01 6.649214659685863671e-01 1.836061634132713039e+01 9.267015706806283060e-01 2.000000000000000000e+00
8.026667812930939061e-02 2.511042973809964052e-02 4.888178913738019382e-01 4.888178913738019382e-01 1.697531752074010214e+01 9.361022364217251868e-01 2.000000000000000000e+00
7.752956045642236949e-02 2.496795302330253111e-02 2.904656319290465638e-01 2.904656319290465638e-01 2.346699727991920525e+01 6.407982261640797761e-01 2.000000000000000000e+00
7.176230756604237704e-02 7.500585665877159552e-03 9.905660377358490587e-01 9.905660377358490587e-01 1.552408316881928130e+01 1.000000000000000000e+00 2.000000000000000000e+00
7.785806957185122112e-02 2.240601386333190490e-02 3.653846153846153633e-01 3.653846153846153633e-01 2.180025628160380080e+01 8.928571428571429047e-01 2.000000000000000000e+00
1.460582159829401927e-01 3.402406138220796794e-02 5.373134328358208922e-01 5.373134328358208922e-01 1.494030127672828279e+01 9.626865671641791078e-01 2.000000000000000000e+00
1.410564899668730887e-01 3.812415491865807360e-02 6.045197740112994156e-01 6.045197740112994156e-01 1.541172869621538055e+01 6.440677966101694407e-01 2.000000000000000000e+00
1.217600414653000201e-01 2.469473911719184678e-02 5.211267605633802535e-01 5.211267605633802535e-01 1.764278117506454890e+01 9.929577464788732488e-01 2.000000000000000000e+00
7.747551755484188840e-02 2.403110335343576487e-02 3.756476683937823857e-01 3.756476683937823857e-01 1.917021905899033385e+01 5.233160621761657749e-01 2.000000000000000000e+00
7.346900885643117829e-02 2.261895452015666094e-02 4.143646408839778972e-01 4.143646408839778972e-01 2.077795066143793079e+01 9.226519337016574340e-01 2.000000000000000000e+00
7.260023579452695719e-02 1.699231434464637536e-02 4.905660377358490587e-01 4.905660377358490587e-01 1.849909922234064652e+01 9.471698113207547287e-01 2.000000000000000000e+00
8.175290967171852663e-02 2.104725194040116959e-02 4.414715719063544985e-01 4.414715719063544985e-01 2.071535893887362789e+01 9.096989966555183438e-01 2.000000000000000000e+00
1.100282286554017941e-01 2.735147940488795101e-02 5.851063829787234161e-01 5.851063829787234161e-01 1.591177227098914138e+01 9.308510638297872175e-01 2.000000000000000000e+00
6.858510492385469504e-02 1.515611131028336833e-02 4.036363636363636265e-01 4.036363636363636265e-01 1.730357909517743664e+01 9.490909090909090962e-01 2.000000000000000000e+00
1.335156002792670382e-01 3.097833423085643439e-02 5.999999999999999778e-01 5.999999999999999778e-01 1.416074875804160982e+01 9.071428571428571397e-01 2.000000000000000000e+00
1.104414889718848686e-01 2.465451495540486870e-02 4.729729729729729715e-01 4.729729729729729715e-01 1.362111913821771481e+01 8.310810810810810301e-01 2.000000000000000000e+00
8.202764625506282770e-02 2.395803424967070730e-02 4.149253731343283680e-01 4.149253731343283680e-01 2.146816152689794777e+01 9.283582089552239180e-01 2.000000000000000000e+00
8.087382527281994360e-02 1.929230136230316445e-02 7.481751824817518548e-01 7.481751824817518548e-01 1.943809712282335411e+01 9.817518248175182149e-01 2.000000000000000000e+00
1.417829104046545163e-01 4.318896753050091575e-02 5.822784810126582222e-01 5.822784810126582222e-01 1.265632432222029458e+01 8.417721518987342222e-01 2.000000000000000000e+00
7.740206693788671821e-02 2.000597897673890221e-02 5.900383141762451933e-01 5.900383141762451933e-01 1.655896962704797204e+01 9.540229885057470716e-01 2.000000000000000000e+00
1.237612329734295580e-01 2.754372802355305183e-02 4.459459459459459429e-01 4.459459459459459429e-01 1.928070121849419394e+01 9.391891891891891442e-01 2.000000000000000000e+00
7.405554764899413556e-02 2.118502100522841672e-02 4.528795811518324665e-01 4.528795811518324665e-01 2.571747423138656785e+01 8.769633507853402676e-01 2.000000000000000000e+00
6.602936300960755844e-02 1.678242468974149026e-02 4.005847953216374324e-01 4.005847953216374324e-01 2.171350286306748245e+01 7.368421052631578538e-01 2.000000000000000000e+00
8.122473468791280293e-02 2.651329293861152264e-02 5.107526881720430012e-01 5.107526881720430012e-01 2.041595314161164865e+01 6.801075268817203812e-01 2.000000000000000000e+00
8.497238906045993800e-02 2.745502929798350478e-02 3.162393162393162260e-01 3.162393162393162260e-01 1.829773938113705256e+01 4.928774928774928843e-01 2.000000000000000000e+00
8.883643554661101172e-02 2.826381067008840522e-02 3.559782608695652439e-01 3.559782608695652439e-01 2.476652715098266810e+01 5.000000000000000000e-01 2.000000000000000000e+00
7.930589772125851145e-02 1.967524302270966599e-02 7.720588235294117974e-01 7.720588235294117974e-01 2.247000346147886063e+01 9.558823529411765163e-01 2.000000000000000000e+00
8.302969501599072322e-02 2.107732691229111111e-02 3.322683706070287402e-01 3.322683706070287402e-01 2.341286509002377514e+01 8.019169329073482233e-01 2.000000000000000000e+00
1.142414605267611655e-01 3.299499845443624318e-02 3.264462809917355601e-01 3.264462809917355601e-01 1.974745784323824793e+01 7.603305785123967153e-01 2.000000000000000000e+00
8.368137146408927141e-02 2.341804328794356085e-02 5.014577259475219151e-01 5.014577259475219151e-01 1.965938375884380918e+01 9.271137026239066881e-01 2.000000000000000000e+00
7.292873740291980211e-02 1.814018736275803401e-02 4.071661237785016429e-01 4.071661237785016429e-01 1.835174281397151574e+01 9.511400651465797829e-01 2.000000000000000000e+00
8.480860591705395579e-02 2.502269672638649661e-02 6.858108108108108558e-01 6.858108108108108558e-01 1.451060124594589951e+01 7.162162162162162282e-01 2.000000000000000000e+00
8.224920800829660372e-02 2.216238624645248609e-02 4.356060606060606077e-01 4.356060606060606077e-01 1.596602116360037016e+01 8.333333333333333703e-01 2.000000000000000000e+00
1.243169323045484331e-01 2.775287761852188867e-02 5.398773006134969243e-01 5.398773006134969243e-01 1.535125555335130976e+01 9.754601226993865337e-01 2.000000000000000000e+00
8.060520649229829804e-02 2.268128970521314514e-02 6.403061224489795533e-01 6.403061224489795533e-01 2.548165062682896220e+01 6.683673469387755306e-01 2.000000000000000000e+00
1.387009875351589983e-01 2.959548263044075103e-02 5.841584158415841221e-01 5.841584158415841221e-01 1.218156398202311941e+01 7.029702970297029285e-01 2.000000000000000000e+00
1.314720440628246168e-01 3.541200651455437415e-02 4.195402298850574585e-01 4.195402298850574585e-01 1.830090853354518998e+01 9.137931034482759118e-01 2.000000000000000000e+00
7.012323112079271725e-02 1.712689285533565420e-02 4.683544303797468333e-01 4.683544303797468333e-01 2.151354056204427678e+01 9.778481012658227778e-01 2.000000000000000000e+00
7.680530328110947436e-02 2.185125568063297358e-02 5.107142857142856762e-01 5.107142857142856762e-01 1.822498250583676338e+01 9.607142857142857428e-01 2.000000000000000000e+00
1.142092075483378683e-01 2.534588985680525861e-02 3.951219512195122130e-01 3.951219512195122130e-01 2.754459212770741416e+01 9.560975609756097171e-01 2.000000000000000000e+00
2.484407880300014693e-01 6.908716533501636781e-02 9.852216748768473017e-03 9.852216748768473017e-03 2.915230425693940219e+01 8.866995073891625889e-01 3.000000000000000000e+00
6.317068454275952538e-01 3.897986759003631563e-01 3.051359516616314327e-01 3.051359516616314327e-01 3.284213565545642268e+02 8.741188318227592902e-01 3.000000000000000000e+00
3.080965754444702220e-01 9.595454614537128613e-02 1.744186046511627883e-02 1.744186046511627883e-02 4.273598448220924695e+01 8.343023255813953876e-01 3.000000000000000000e+00
1.933770020457372674e-01 5.391105233527086760e-02 6.541353383458646809e-01 6.541353383458646809e-01 3.754618170625622753e+01 7.706766917293232932e-01 3.000000000000000000e+00
1.243313157799961877e+00 9.935263861062727520e-01 6.563525550867322852e-03 6.563525550867322852e-03 9.785929624564425922e+02 8.101265822784810000e-01 3.000000000000000000e+00
2.354366738205606047e-01 2.798335798805278579e-02 9.345794392523363789e-03 9.345794392523363789e-03 1.129673475185155773e+01 9.532710280373831724e-01 3.000000000000000000e+00
1.795468204004862511e-01 2.763405266065606727e-02 1.351351351351351426e-02 1.351351351351351426e-02 1.328646470963598247e+01 9.527027027027027417e-01 3.000000000000000000e+00
3.665401515156082035e-01 1.514846120168271970e-01 1.814058956916099821e-02 1.814058956916099821e-02 6.937519833102609823e+01 9.138321995464853131e-01 3.000000000000000000e+00
6.072444684475267751e-01 3.925828463397487700e-01 2.412545235223160275e-03 2.412545235223160275e-03 2.124074421979839258e+02 8.938480096501809635e-01 3.000000000000000000e+00
2.515553619828533871e-01 7.383526608309237682e-02 1.248049921996879918e-02 1.248049921996879918e-02 4.842251973734357762e+01 9.032761310452418479e-01 3.000000000000000000e+00
3.042470223521174244e-01 1.484930015435386164e-01 2.430133657351154358e-02 2.430133657351154358e-02 8.575181262104401014e+01 6.731470230862697246e-01 3.000000000000000000e+00
1.544352854129576180e-01 2.131593445482045726e-02 7.028985507246376940e-01 7.028985507246376940e-01 1.459730741790757946e+01 8.695652173913043237e-01 3.000000000000000000e+00
1.971635815792367186e-01 3.941945301287017034e-02 2.403846153846153980e-02 2.403846153846153980e-02 2.265747904358039122e+01 8.750000000000000000e-01 3.000000000000000000e+00
1.493156275681074785e+00 1.741968071825526376e+00 1.848428835489833617e-03 1.848428835489833617e-03 1.121941064642762512e+03 7.297597042513863652e-01 3.000000000000000000e+00
2.035100579875905868e-01 2.555136663827899460e-02 3.350000000000000200e-01 3.350000000000000200e-01 2.807035190277202119e+01 8.950000000000000178e-01 3.000000000000000000e+00
1.429873284727167793e+00 1.320395185077791300e+00 3.272980501392757507e-02 3.272980501392757507e-02 6.203317439165800806e+02 6.246518105849582225e-01 3.000000000000000000e+00
1.066459808353152905e+00 6.790890372717175438e-01 1.946706143597335403e-01 1.946706143597335403e-01 8.140040771813588663e+02 7.320503330866025005e-01 3.000000000000000000e+00
7.531767476762732949e-01 4.803066458805843042e-01 4.232804232804232569e-02 4.232804232804232569e-02 1.031524590622852457e+02 7.142857142857143016e-01 3.000000000000000000e+00
2.377435840765139974e-01 4.018431143501374064e-02 3.920000000000000151e-01 3.920000000000000151e-01 4.245420855027118989e+01 8.559999999999999831e-01 3.000000000000000000e+00
1.120343602046762060e-01 1.917118291571837801e-02 8.205128205128204844e-01 8.205128205128204844e-01 1.266475708810857981e+01 9.102564102564102422e-01 3.000000000000000000e+00
1.187390318213967566e+00 1.165909841966735083e+00 3.722504230118443141e-02 3.722504230118443141e-02 7.683368042628337662e+02 7.918781725888325296e-01 3.000000000000000000e+00
2.061607837605120841e-01 7.363905994264208221e-02 6.459948320413436695e-01 6.459948320413436695e-01 5.618606973849383479e+01 7.726098191214469946e-01 3.000000000000000000e+00
1.688546750089242876e-01 3.929227159321541790e-02 4.436363636363636620e-01 4.436363636363636620e-01 3.075168427317745667e+01 6.800000000000000488e-01 3.000000000000000000e+00
3.743595763649655295e-01 1.017192166689262073e-01 6.394557823129252139e-01 6.394557823129252139e-01 4.169003830990950377e+01 7.006802721088435382e-01 3.000000000000000000e+00
9.745788225084885958e-01 9.431187319991062301e-01 8.910212474297464838e-03 8.910212474297464838e-03 4.270001605457692904e+02 6.593557230980123807e-01 3.000000000000000000e+00
3.005752689716856829e-01 8.659457299996750623e-02 4.921875000000000000e-01 4.921875000000000000e-01 5.164247025286908865e+01 8.281250000000000000e-01 3.000000000000000000e+00
1.030727824002443116e+00 7.560818653975379666e-01 5.784061696658097593e-03 5.784061696658097593e-03 6.264892695296114198e+02 7.564267352185090054e-01 3.000000000000000000e+00
5.186682825867593438e-01 2.190782195341272054e-01 9.579439252336448274e-02 9.579439252336448274e-02 1.199946142652492682e+02 8.247663551401869242e-01 3.000000000000000000e+00
3.226554311473646686e-01 1.315995580486443994e-01 3.367003367003366856e-03 3.367003367003366856e-03 3.833146522030692438e+01 8.417508417508418050e-01 3.000000000000000000e+00
8.269531997776473631e-01 4.742270438031665480e-01 1.269035532994923846e-02 1.269035532994923846e-02 1.416606741652313985e+02 8.020304568527918399e-01 3.000000000000000000e+00
2.080179580828802610e-01 4.384484985604220758e-02 9.927360774818401457e-02 9.927360774818401457e-02 4.130355776171626303e+01 7.578692493946731501e-01 3.000000000000000000e+00
1.864366683025900084e-01 5.492693162747967761e-02 7.731092436974790205e-01 7.731092436974790205e-01 1.562391713802670878e+01 8.235294117647058432e-01 3.000000000000000000e+00
4.988395756045295171e-01 2.932311158651638716e-01 4.457652303120356874e-01 4.457652303120356874e-01 1.704157303938776238e+02 8.023774145616642262e-01 3.000000000000000000e+00
6.782852362057044671e-01 4.708763936666452987e-01 1.008064516129032230e-02 1.008064516129032230e-02 1.356570592394111543e+02 8.266129032258064946e-01 3.000000000000000000e+00
8.367931957813833366e-01 7.369292172078465430e-01 2.786220871327254461e-02 2.786220871327254461e-02 6.256931257619302187e+02 7.603850050658561566e-01 3.000000000000000000e+00
5.660119815430600942e-01 3.376702897879228504e-01 2.049180327868852305e-02 2.049180327868852305e-02 9.524615100332154327e+01 8.442622950819672623e-01 3.000000000000000000e+00
2.218038909624158450e-01 5.972340714459103278e-02 1.238390092879257040e-02 1.238390092879257040e-02 2.912303076012392822e+01 8.142414860681114197e-01 3.000000000000000000e+00
3.678154371872172090e-01 1.425988849912801504e-01 2.702702702702702853e-02 2.702702702702702853e-02 2.206892736888541506e+01 8.018018018018018278e-01 3.000000000000000000e+00
1.584492581680851109e-01 2.145786774351980328e-02 8.837209302325581550e-01 8.837209302325581550e-01 1.390473054820779097e+01 9.069767441860464574e-01 3.000000000000000000e+00
3.258441245529605790e-01 1.354132564305678965e-01 6.389891696750902295e-01 6.389891696750902295e-01 6.182110968690543729e+01 7.509025270758122872e-01 3.000000000000000000e+00
3.079856701279316544e-01 1.186116814429622884e-01 1.470588235294117627e-02 1.470588235294117627e-02 7.792753354318422510e+01 8.841911764705882026e-01 3.000000000000000000e+00
3.745991043863887149e-01 1.595998062682359442e-01 1.687763713080168634e-02 1.687763713080168634e-02 4.017193946024264761e+01 8.396624472573839260e-01 3.000000000000000000e+00
3.100279890224387214e-01 8.271434025031562665e-02 2.162162162162162282e-01 2.162162162162162282e-01 2.577761194308198611e+01 7.432432432432432012e-01 3.000000000000000000e+00
1.549497526918655055e-01 2.659511303448940447e-02 7.678571428571429047e-01 7.678571428571429047e-01 1.205164695270011244e+01 8.303571428571429047e-01 3.000000000000000000e+00
2.502370732554717869e-01 7.227609240617262343e-02 7.762557077625570345e-02 7.762557077625570345e-02 6.629264349371496223e+01 6.940639269406392309e-01 3.000000000000000000e+00
7.277212698519713863e-01 5.643615536256836318e-01 2.533783783783783924e-03 2.533783783783783924e-03 3.088250879159413103e+02 8.032094594594594295e-01 3.000000000000000000e+00
5.831884602187112909e-01 4.778747558944254070e-01 5.899705014749262455e-03 5.899705014749262455e-03 2.680689963640836027e+02 5.538348082595869748e-01 3.000000000000000000e+00
1.342094925679386375e+00 1.335533743676389884e+00 1.297016861219195795e-03 1.297016861219195795e-03 1.864423804335462364e+03 5.832252485948984377e-01 3.000000000000000000e+00
1.837637981739827175e+00 1.677805080861578979e+00 5.116543490619670197e-03 5.116543490619670197e-03 9.288520667137668170e+02 5.650938032973280567e-01 3.000000000000000000e+00
2.511665582374340011e-01 1.104189539240312823e-01 1.472995090016366616e-02 1.472995090016366616e-02 7.104757453009719370e+01 5.302782324058920027e-01 3.000000000000000000e+00
7.007135734823296547e-01 1.624403208315549352e-01 3.797468354430380000e-01 3.797468354430380000e-01 1.908840675405287755e+02 9.873417721518987777e-01 3.000000000000000000e+00
1.264733783712955084e+00 1.066773978268766632e+00 4.541326067211626065e-03 4.541326067211626065e-03 4.955416941337294929e+02 9.146230699364213956e-01 3.000000000000000000e+00
1.375304647898449195e+00 1.234775445779938030e+00 1.322751322751322678e-02 1.322751322751322678e-02 8.304555551073501647e+02 7.174603174603174649e-01 3.000000000000000000e+00
2.108127115264728790e-01 5.847873399405133926e-02 4.229607250755287179e-02 4.229607250755287179e-02 2.780039886544071237e+01 7.885196374622356341e-01 3.000000000000000000e+00
1.691883310149688846e-01 3.056645347162646395e-02 1.648351648351648394e-02 1.648351648351648394e-02 1.729902955912556095e+01 9.010989010989011172e-01 3.000000000000000000e+00
1.600065731986143880e-01 3.222495853891150369e-02 4.225352112676056260e-01 4.225352112676056260e-01 2.816644546846300656e+01 9.107981220657277444e-01 3.000000000000000000e+00
5.412765881721561811e-01 2.545494450008927156e-01 5.322834645669290987e-01 5.322834645669290987e-01 2.033790661845417844e+02 6.645669291338582862e-01 3.000000000000000000e+00
9.946864853104819826e-01 7.013772014559577217e-01 1.787310098302055368e-03 1.787310098302055368e-03 4.184413689410232564e+02 7.274352100089365170e-01 3.000000000000000000e+00
1.792125682750760896e-01 4.011238934577005671e-02 5.421487603305784608e-01 5.421487603305784608e-01 5.212673451123811219e+01 5.999999999999999778e-01 3.000000000000000000e+00
2.194205578929289135e-01 4.202868796756476649e-02 5.904059040590405733e-02 5.904059040590405733e-02 3.214214824556641048e+01 9.261992619926199266e-01 3.000000000000000000e+00
3.042651936127259704e-01 1.416123277228884814e-01 6.135531135531135938e-01 6.135531135531135938e-01 1.078758106418759581e+02 7.912087912087911734e-01 3.000000000000000000e+00
9.474187653398643549e-01 7.313175972729121233e-01 2.947976878612716678e-02 2.947976878612716678e-02 6.279825211468403268e+02 7.687861271676300623e-01 3.000000000000000000e+00
3.838428073964864629e-01 1.647013371623352040e-01 3.076923076923077094e-02 3.076923076923077094e-02 3.913691076796594359e+01 7.384615384615385025e-01 3.000000000000000000e+00
2.029821192003586350e-01 5.534434893080054235e-02 1.141304347826086890e-01 1.141304347826086890e-01 2.171436888879179250e+01 8.586956521739130821e-01 3.000000000000000000e+00
2.736564476708145954e-01 8.891870859304534802e-02 2.387267904509283653e-02 2.387267904509283653e-02 4.585265812084315940e+01 8.196286472148540669e-01 3.000000000000000000e+00
6.343925542287046637e-01 3.816554148625453391e-01 5.658783783783783577e-02 5.658783783783783577e-02 4.149838171339771975e+02 9.104729729729730270e-01 3.000000000000000000e+00
7.504099131407147016e-01 5.930988093964884023e-01 4.986149584487534377e-03 4.986149584487534377e-03 5.838318673249880248e+02 6.747922437673130602e-01 3.000000000000000000e+00
4.815952804754567440e-01 2.740740335001412009e-01 2.040816326530612429e-03 2.040816326530612429e-03 8.519194550826036050e+01 8.612244897959183687e-01 3.000000000000000000e+00
1.510537130882990409e-01 2.788511189923464570e-02 6.079545454545454142e-01 6.079545454545454142e-01 1.808533923417281741e+01 8.693181818181817677e-01 3.000000000000000000e+00
1.945846174396706485e-01 6.724913390325791551e-02 3.482587064676617022e-02 3.482587064676617022e-02 1.570743140989260311e+01 8.159203980099501985e-01 3.000000000000000000e+00
3.958058835914670670e-01 1.724689831092642012e-01 8.450704225352111826e-03 8.450704225352111826e-03 6.723019639919270674e+01 8.901408450704225706e-01 3.000000000000000000e+00
1.411381726538530057e-01 3.837580962221262548e-02 4.826666666666666883e-01 4.826666666666666883e-01 3.436806237417689402e+01 8.373333333333333739e-01 3.000000000000000000e+00
2.101581798338863494e-01 7.771556946885589678e-02 7.962085308056872091e-01 7.962085308056872091e-01 3.122772786088975749e+01 9.099526066350710485e-01 3.000000000000000000e+00
4.625645228097645667e-01 2.775160350311928759e-01 7.067137809187279060e-03 7.067137809187279060e-03 1.043073689387508693e+02 8.374558303886925348e-01 3.000000000000000000e+00
2.816229064515675673e-01 4.604006832442589237e-02 5.340909090909090606e-01 5.340909090909090606e-01 3.304375435698393204e+01 8.465909090909090606e-01 3.000000000000000000e+00
5.098131657798128380e-01 3.859152606704218114e-01 1.657458563535911533e-02 1.657458563535911533e-02 1.272774896160197073e+02 6.464088397790055396e-01 3.000000000000000000e+00
2.268889708228897517e-01 6.131004609579368547e-02 8.153846153846153744e-01 8.153846153846153744e-01 4.213652028249972403e+01 9.038461538461538547e-01 3.000000000000000000e+00
2.680834789455300293e-01 9.662424034502145598e-02 1.369863013698630061e-02 1.369863013698630061e-02 3.706457377415642185e+01 7.671232876712328341e-01 3.000000000000000000e+00
5.092915826654883515e-01 2.815056814635297222e-01 2.016129032258064460e-03 2.016129032258064460e-03 8.201578302120240949e+01 6.975806451612903691e-01 3.000000000000000000e+00
8.357707719363683951e-01 4.700153552942772928e-01 9.677419354838710103e-03 9.677419354838710103e-03 1.205064780501771651e+02 8.645161290322580516e-01 3.000000000000000000e+00
2.896947458149852217e-01 9.000279590170016941e-02 4.452554744525547559e-01 4.452554744525547559e-01 6.560029574450683754e+01 8.467153284671532498e-01 3.000000000000000000e+00
2.809055873668054315e-01 8.895969606617906700e-02 9.345794392523363789e-03 9.345794392523363789e-03 4.638410148113816689e+01 5.570093457943925408e-01 3.000000000000000000e+00
3.996730587179226912e-01 1.723019195236024370e-01 1.081081081081081141e-01 1.081081081081081141e-01 6.593333906318486015e+01 8.494208494208493887e-01 3.000000000000000000e+00
1.986381034993359440e-01 4.009632929134987478e-02 5.811965811965812412e-01 5.811965811965812412e-01 2.817049304987699543e+01 9.273504273504273865e-01 3.000000000000000000e+00
7.897475137215324015e-01 6.378226927391851264e-01 4.845814977973568471e-02 4.845814977973568471e-02 2.779421564590911089e+02 5.892070484581497514e-01 3.000000000000000000e+00
1.316495868761886179e+00 1.072337758379379169e+00 1.639344262295082053e-02 1.639344262295082053e-02 3.121444089515645715e+02 7.183308494783904319e-01 3.000000000000000000e+00
1.137941867583914579e+00 1.205229265879582901e+00 2.770083102493074798e-03 2.770083102493074798e-03 4.913839523996373373e+02 5.357340720221606123e-01 3.000000000000000000e+00
2.972571118119756162e-01 9.831493060418260155e-02 3.333333333333333287e-02 3.333333333333333287e-02 2.113202082955790218e+01 7.933333333333333348e-01 3.000000000000000000e+00
1.001990205603293660e+00 8.539038709977391228e-01 1.291989664082687393e-03 1.291989664082687393e-03 6.106617565231479148e+02 4.384151593453918805e-01 3.000000000000000000e+00
1.202559003729467113e+00 1.175667054288941804e+00 1.659496004917025355e-02 1.659496004917025355e-02 1.368225931131766174e+03 8.153042409342348140e-01 3.000000000000000000e+00
1.969078981057785782e-01 5.231542631686147971e-02 4.232804232804232569e-02 4.232804232804232569e-02 7.021811383279775498e+01 8.324514991181657386e-01 3.000000000000000000e+00
1.511742637154808444e-01 3.619875484590947406e-02 4.402173913043478382e-01 4.402173913043478382e-01 7.169089464355552366e+01 6.510869565217390909e-01 3.000000000000000000e+00
1.310574257103382101e-01 2.157606349508603069e-02 3.827160493827160281e-01 3.827160493827160281e-01 1.464227983301243619e+01 6.543209876543210068e-01 3.000000000000000000e+00
3.688166664624319413e-01 1.494056330920680298e-01 7.877551020408163351e-01 7.877551020408163351e-01 6.064434110483804119e+01 8.571428571428570953e-01 3.000000000000000000e+00
4.230541296401009177e-01 2.223754191658633694e-01 1.376975169300225788e-01 1.376975169300225788e-01 1.035430858316837686e+02 8.306997742663656537e-01 3.000000000000000000e+00
5.494649367785825467e-01 2.523734109969904549e-01 1.253481894150417809e-02 1.253481894150417809e-02 1.505785655875463647e+02 7.047353760445682624e-01 3.000000000000000000e+00
2.884502598268489093e-01 9.022061321645610810e-02 1.208981001727115791e-02 1.208981001727115791e-02 6.523933149160205858e+01 7.219343696027633595e-01 3.000000000000000000e+00
2.369178302818852888e-01 5.428949865687478227e-02 8.196721311475410263e-03 8.196721311475410263e-03 3.496448597430457994e+01 7.732240437158469648e-01 3.000000000000000000e+00
2.381831530663234275e-01 8.018282052357408873e-02 3.969696969696969724e-01 3.969696969696969724e-01 5.535240133433232046e+01 8.515151515151515582e-01 3.000000000000000000e+00
3.991143314441379930e-01 1.244394316512801024e-01 1.470588235294117696e-01 1.470588235294117696e-01 4.267259737998858071e+01 8.764705882352941124e-01 3.000000000000000000e+00
8.552469502921057343e-01 5.389452844973551260e-01 1.686746987951807109e-01 1.686746987951807109e-01 1.312116372422297061e+01 1.144578313253011986e-01 4.000000000000000000e+00
3.924259927566216000e-01 1.559654737546889991e-01 2.173913043478260809e-02 2.173913043478260809e-02 5.744342000160782113e+00 0.000000000000000000e+00 4.000000000000000000e+00
6.681357157625541499e-01 2.991038822366144934e-01 4.424778761061946841e-02 4.424778761061946841e-02 6.789508109998801721e+00 3.008849557522124130e-01 4.000000000000000000e+00
6.638801847733438732e-01 4.121462788539294597e-01 1.802325581395348708e-01 1.802325581395348708e-01 1.087498969343001143e+01 9.883720930232557655e-02 4.000000000000000000e+00
3.321162687893020604e-01 1.753808014902486501e-01 4.444444444444444198e-01 4.444444444444444198e-01 1.211775689835137015e+01 6.728395061728394966e-01 4.000000000000000000e+00
5.012574450694112782e-01 1.682611350069642686e-01 1.456310679611650394e-01 1.456310679611650394e-01 7.312963278710070014e+00 1.456310679611650394e-01 4.000000000000000000e+00
4.046815376052615432e-01 3.445346943286825558e-01 1.867007672634271032e-01 1.867007672634271032e-01 1.512719700063102302e+01 1.227621483375959111e-01 4.000000000000000000e+00
1.079524118735433635e+00 5.555957138234295378e-01 1.782945736434108641e-01 1.782945736434108641e-01 2.006608077815959490e+01 1.705426356589147263e-01 4.000000000000000000e+00
3.208910008227031652e-01 1.205805287280478089e-01 8.620689655172413673e-03 8.620689655172413673e-03 1.647050987859867277e+01 8.189655172413793371e-01 4.000000000000000000e+00
2.515019112990541372e-01 1.011743921353606551e-01 4.892966360856269153e-02 4.892966360856269153e-02 1.218387036959862435e+01 6.207951070336391597e-01 4.000000000000000000e+00
3.544398186667463424e-01 1.445544033739727396e-01 4.187192118226600729e-02 4.187192118226600729e-02 1.683071101982602258e+01 6.551724137931034253e-01 4.000000000000000000e+00
5.323224708195150034e-01 1.360900354946445734e-01 2.400000000000000050e-02 2.400000000000000050e-02 7.737245730200800864e+00 7.520000000000000018e-01 4.000000000000000000e+00
8.533392351521978947e-01 3.994440233736565316e-01 7.142857142857142461e-02 7.142857142857142461e-02 9.574420203127344209e+00 1.031746031746031689e-01 4.000000000000000000e+00
3.186459240920033187e-01 1.499242037070760147e-01 1.632047477744807129e-01 1.632047477744807129e-01 1.807806128027971226e+01 7.151335311572700748e-01 4.000000000000000000e+00
3.074639511929878610e-01 6.879672756027620240e-02 5.660377358490566169e-02 5.660377358490566169e-02 2.984540164721095845e+00 1.037735849056603821e-01 4.000000000000000000e+00
2.476577284300764958e-01 5.000509435782047457e-02 8.035714285714286309e-02 8.035714285714286309e-02 2.830374052972585375e+00 9.821428571428571230e-02 4.000000000000000000e+00
6.984600929132741554e-01 4.610199632585560980e-01 9.803921568627450844e-03 9.803921568627450844e-03 1.701662303726765302e+01 3.594771241830065078e-02 4.000000000000000000e+00
6.289975298439413054e-01 3.305612071619275505e-01 8.071748878923766524e-02 8.071748878923766524e-02 1.363133590138283147e+01 8.206278026905829970e-01 4.000000000000000000e+00
5.584308170309050245e-01 1.375817745741224063e-01 4.242424242424242681e-02 4.242424242424242681e-02 8.204905133891642777e+00 2.484848484848484751e-01 4.000000000000000000e+00
2.171562092284289314e+00 1.208400186815761446e+00 1.933701657458563594e-01 1.933701657458563594e-01 4.436261092329669964e+01 1.712707182320442056e-01 4.000000000000000000e+00
3.346906224889791837e-01 9.714438860277700705e-02 1.275167785234899431e-01 1.275167785234899431e-01 4.169640352451492227e+00 1.342281879194630843e-02 4.000000000000000000e+00
4.289370885825845581e-01 1.587445994563282670e-01 1.007462686567164173e-01 1.007462686567164173e-01 1.321323401836736089e+01 6.940298507462686617e-01 4.000000000000000000e+00
5.018139943671735548e-01 3.090241020031128105e-01 1.578947368421052683e-02 1.578947368421052683e-02 9.365880648676112585e+00 1.684210526315789436e-01 4.000000000000000000e+00
6.214260318173361330e-01 2.612334520350154121e-01 4.950495049504950729e-02 4.950495049504950729e-02 6.734337085317712024e+00 1.188118811881188064e-01 4.000000000000000000e+00
3.333610834540692847e-01 9.894629158263307245e-02 5.154639175257731860e-03 5.154639175257731860e-03 4.855259308330709622e+00 3.144329896907216426e-01 4.000000000000000000e+00
8.471697000977992387e-01 4.238682449783993111e-01 2.074074074074074014e-01 2.074074074074074014e-01 1.029414136751586639e+01 2.518518518518518268e-01 4.000000000000000000e+00
7.571816621248727008e-01 4.780448471672995581e-01 1.461538461538461620e-01 1.461538461538461620e-01 1.209258131751537135e+01 3.076923076923077094e-02 4.000000000000000000e+00
6.306052864869264862e-01 4.337125741084394970e-01 1.712328767123287576e-02 1.712328767123287576e-02 1.445343382749693895e+01 1.095890410958904049e-01 4.000000000000000000e+00
5.126449676084832152e-01 1.949158314806347103e-01 1.639344262295082053e-02 1.639344262295082053e-02 5.604183414280062614e+00 1.229508196721311453e-01 4.000000000000000000e+00
4.047581285987014166e-01 1.545763743770498244e-01 2.105263157894736795e-02 2.105263157894736795e-02 6.152323554700263486e+00 5.789473684210526272e-02 4.000000000000000000e+00
5.795829634748528303e-01 4.141767171109096979e-01 5.813953488372092943e-02 5.813953488372092943e-02 1.917082109955282476e+01 2.558139534883720895e-02 4.000000000000000000e+00
2.539767530199695811e-01 5.417185933699763395e-02 6.837606837606838295e-02 6.837606837606838295e-02 2.779726966300870128e+00 6.837606837606838295e-02 4.000000000000000000e+00
5.734853033604024874e-01 2.254112129445295098e-01 5.069124423963133896e-02 5.069124423963133896e-02 1.070966518945336432e+01 1.520737327188940169e-01 4.000000000000000000e+00
1.246791006847034256e+00 1.016873987019806913e+00 2.824858757062146883e-02 2.824858757062146883e-02 2.026464791083709827e+01 1.412429378531073476e-01 4.000000000000000000e+00
5.818478245549668637e-01 2.177773423292316268e-01 5.223880597014925187e-02 5.223880597014925187e-02 6.930453500530673772e+00 2.238805970149253602e-02 4.000000000000000000e+00
5.692864445927215966e-01 3.477329647344818420e-01 7.540983606557377650e-02 7.540983606557377650e-02 1.993482839663144190e+01 6.950819672131147708e-01 4.000000000000000000e+00
4.465748355634854838e-01 9.109695912687748587e-02 5.263157894736841813e-02 5.263157894736841813e-02 4.112240283147554187e+00 5.263157894736841813e-02 4.000000000000000000e+00
3.708760250355885857e-01 1.064211009484993115e-01 1.951219512195122019e-01 1.951219512195122019e-01 3.859369903313334849e+00 1.463414634146341375e-01 4.000000000000000000e+00
8.955970387681163603e-01 5.079777733708938925e-01 1.709401709401709574e-02 1.709401709401709574e-02 8.336105658704640931e+00 1.709401709401709435e-01 4.000000000000000000e+00
1.674161006002966134e+00 1.023464855447160371e+00 1.499999999999999944e-01 1.499999999999999944e-01 2.692118123198620694e+01 2.312500000000000111e-01 4.000000000000000000e+00
3.115055155883957316e-01 7.579880691207151189e-02 5.084745762711864736e-02 5.084745762711864736e-02 4.407391602362100258e+00 6.101694915254237683e-01 4.000000000000000000e+00
2.793491002200535478e-01 7.930171326180407432e-02 1.134020618556701027e-01 1.134020618556701027e-01 4.284089096991359646e+00 1.082474226804123751e-01 4.000000000000000000e+00
6.123515246305145654e-01 2.798961236245099959e-01 2.000000000000000111e-01 2.000000000000000111e-01 6.672732285466103974e+00 2.307692307692307820e-02 4.000000000000000000e+00
3.631953791942785226e-01 1.152215536461587420e-01 1.142857142857142856e-02 1.142857142857142856e-02 7.077861313918322850e+00 5.314285714285714723e-01 4.000000000000000000e+00
3.977032860790608026e-01 1.065626050653850354e-01 2.027027027027027140e-02 2.027027027027027140e-02 5.470268373241930604e+00 2.027027027027027140e-01 4.000000000000000000e+00
5.376131564777792970e-01 4.057439190972753074e-01 8.585858585858585634e-02 8.585858585858585634e-02 1.699080625295002278e+01 3.888888888888888951e-01 4.000000000000000000e+00
7.119271009505845349e-01 3.131698540242713880e-01 1.818181818181818094e-02 1.818181818181818094e-02 9.450359515110664077e+00 4.424242424242424421e-01 4.000000000000000000e+00
4.377428835327600298e-01 1.742513020932572043e-01 3.125000000000000173e-03 3.125000000000000173e-03 1.599060807025566611e+01 6.312499999999999778e-01 4.000000000000000000e+00
4.112114608896385026e-01 6.897479533445509403e-02 4.166666666666666435e-02 4.166666666666666435e-02 4.603113253506787572e+00 4.166666666666666435e-02 4.000000000000000000e+00
1.707680063241790169e-01 4.361281545049008196e-02 6.976744186046511531e-02 6.976744186046511531e-02 6.820146342332867206e+00 2.480620155038759655e-01 4.000000000000000000e+00
4.816447663599148221e-01 1.189728696654542006e-01 1.612903225806451568e-02 1.612903225806451568e-02 7.608146258134009798e+00 7.016129032258064946e-01 4.000000000000000000e+00
4.625237638953607067e-01 1.881827130673482951e-01 1.522842639593908684e-02 1.522842639593908684e-02 1.720815528345231726e+01 6.700507614213198071e-01 4.000000000000000000e+00
5.876250328557905966e-01 3.068416977548829028e-01 1.671309192200557195e-02 1.671309192200557195e-02 1.674264955556933288e+01 5.320334261838439716e-01 4.000000000000000000e+00
2.459347181625135825e-01 7.375679896970732674e-02 8.620689655172413673e-03 8.620689655172413673e-03 4.571863518151937811e+00 2.456896551724137845e-01 4.000000000000000000e+00
2.653841227363720190e-01 9.643279676679569756e-02 1.793103448275862044e-01 1.793103448275862044e-01 1.673073678506050044e+01 6.827586206896552046e-01 4.000000000000000000e+00
5.331434849579118618e-01 2.743221446019136200e-01 8.797653958944282385e-03 8.797653958944282385e-03 1.419218807047083963e+01 4.222873900293255267e-01 4.000000000000000000e+00
9.614826631391610867e-01 6.304348683112234175e-01 2.297297297297297425e-01 2.297297297297297425e-01 1.372222138042231343e+01 6.081081081081081419e-02 4.000000000000000000e+00
2.458627047710457147e-01 4.866447721179084640e-02 7.692307692307692735e-02 7.692307692307692735e-02 2.661048715122921848e+00 6.837606837606838295e-02 4.000000000000000000e+00
2.834460099095045815e-01 1.046087065249228093e-01 4.329004329004329001e-03 4.329004329004329001e-03 5.071729219690328527e+00 4.285714285714285476e-01 4.000000000000000000e+00
4.037262956457938201e-01 2.726099126461696276e-01 3.086419753086419582e-02 3.086419753086419582e-02 1.254144927726659375e+01 1.512345679012345734e-01 4.000000000000000000e+00
7.589003538715619612e-01 4.857437865586503589e-01 1.895734597156398249e-02 1.895734597156398249e-02 1.471764522063593006e+01 4.170616113744075593e-01 4.000000000000000000e+00
1.531171061241314857e-01 1.030066427198690349e-01 3.054711246200607633e-01 3.054711246200607633e-01 1.528847549269229766e+01 4.468085106382978511e-01 4.000000000000000000e+00
5.388862881970469809e-01 3.377985172961316951e-01 1.158301158301158242e-02 1.158301158301158242e-02 2.245720759715803538e+01 6.525096525096525379e-01 4.000000000000000000e+00
6.966033420312333080e-01 2.810401804715135787e-01 1.779661016949152519e-01 1.779661016949152519e-01 7.019572509983779796e+00 1.864406779661016977e-01 4.000000000000000000e+00
3.614291132142057883e-01 1.642516021697304207e-01 1.805869074492099172e-02 1.805869074492099172e-02 1.888126035265038283e+01 7.674943566591422295e-01 4.000000000000000000e+00
4.382309271576262377e-01 1.522388387689409817e-01 1.948051948051948007e-02 1.948051948051948007e-02 5.280717072956028879e+00 1.688311688311688319e-01 4.000000000000000000e+00
5.291409642454845130e-01 1.471069943533518942e-01 8.064516129032257841e-02 8.064516129032257841e-02 7.867323320175754198e+00 7.096774193548387455e-01 4.000000000000000000e+00
1.802515245618679096e-01 5.519561208710005440e-02 1.188118811881188064e-01 1.188118811881188064e-01 8.219143443163389406e+00 5.594059405940594587e-01 4.000000000000000000e+00
7.079300905902036201e-01 4.967770391501026284e-01 6.227106227106227188e-02 6.227106227106227188e-02 1.558587950103336794e+01 1.611721611721611824e-01 4.000000000000000000e+00
2.902403660270084229e-01 7.290207636665051172e-02 2.238805970149253602e-02 2.238805970149253602e-02 3.624623229275851344e+00 2.164179104477611804e-01 4.000000000000000000e+00
4.639269414290541627e-01 2.534225850386421786e-01 1.860465116279069742e-02 1.860465116279069742e-02 7.947752262257625766e+00 4.511627906976743985e-01 4.000000000000000000e+00
7.236537442164289180e-01 4.942669085392057959e-01 1.210653753026634354e-02 1.210653753026634354e-02 1.985840545135684820e+01 5.326876513317191364e-01 4.000000000000000000e+00
7.935527558935325798e-01 3.726708848364418958e-01 2.040816326530612082e-02 2.040816326530612082e-02 7.286211958067938532e+00 3.401360544217686965e-01 4.000000000000000000e+00
5.513167542479152639e-01 2.375623133356006833e-01 2.380952380952380820e-02 2.380952380952380820e-02 5.906965109119073354e+00 4.642857142857143016e-01 4.000000000000000000e+00
3.384043829616594223e-01 9.588832594020130218e-02 5.035971223021582649e-02 5.035971223021582649e-02 8.908750589870654935e+00 1.798561151079136611e-01 4.000000000000000000e+00
6.069658597332807659e-01 3.573184585307546679e-01 1.604278074866310327e-02 1.604278074866310327e-02 9.029642793509419008e+00 2.941176470588235392e-01 4.000000000000000000e+00
1.321248122607910247e+00 8.117758455728383282e-01 1.863354037267080793e-02 1.863354037267080793e-02 1.533676583863642584e+01 1.677018633540372783e-01 4.000000000000000000e+00
6.870346422616190329e-01 2.974213344437260931e-01 5.464480874316939886e-03 5.464480874316939886e-03 6.208757215444148159e+00 4.207650273224043946e-01 4.000000000000000000e+00
3.249387236211166985e-01 1.384999016370191682e-01 2.202643171806167519e-02 2.202643171806167519e-02 6.425182201334989962e+00 1.629955947136563776e-01 4.000000000000000000e+00
2.663599733354483079e-01 7.566624356789455885e-02 2.788461538461538547e-01 2.788461538461538547e-01 1.288439169390327876e+01 7.019230769230768718e-01 4.000000000000000000e+00
4.145373231488436727e-01 1.878654718449694339e-01 4.123711340206185488e-02 4.123711340206185488e-02 6.248658658631618401e+00 4.587628865979381243e-01 4.000000000000000000e+00
5.387419212818799208e-01 2.560031355676588016e-01 5.202312138728323876e-02 5.202312138728323876e-02 7.034140308682577114e+00 3.699421965317918892e-01 4.000000000000000000e+00
1.226675448003266444e+00 8.947114543203465997e-01 4.827586206896551657e-02 4.827586206896551657e-02 1.639335866579411416e+01 1.379310344827586188e-01 4.000000000000000000e+00
4.313939032052638844e-01 1.937998312160393310e-01 2.314814814814814686e-02 2.314814814814814686e-02 6.199672970580724751e+00 4.722222222222222099e-01 4.000000000000000000e+00
5.178001539628879213e-01 2.883628931680068397e-01 1.984126984126984017e-02 1.984126984126984017e-02 7.409746409772710152e+00 5.079365079365079083e-01 4.000000000000000000e+00
4.851527701601603959e-01 2.712495480720251706e-01 8.810572687224670421e-03 8.810572687224670421e-03 8.009430909611790383e+00 6.167400881057268913e-01 4.000000000000000000e+00
4.125190732718660436e-01 1.822790331789392870e-01 2.631578947368420907e-02 2.631578947368420907e-02 6.085297284832242859e+00 4.157894736842105421e-01 4.000000000000000000e+00
9.300655919493546753e-01 5.423810415104156624e-01 1.886792452830188607e-02 1.886792452830188607e-02 9.534521621371970568e+00 4.009433962264151163e-01 4.000000000000000000e+00
6.010873733570196720e-01 2.969741788922918846e-01 1.226993865030674875e-02 1.226993865030674875e-02 8.050718261542574083e+00 5.276073619631901357e-01 4.000000000000000000e+00
4.494796099352823537e-01 2.487627292024470471e-01 2.654867256637168105e-02 2.654867256637168105e-02 8.004916729381378104e+00 5.575221238938052881e-01 4.000000000000000000e+00
4.720540304396741438e-01 2.447204461703801626e-01 1.869158878504672758e-02 1.869158878504672758e-02 7.746898988467100011e+00 4.392523364485981241e-01 4.000000000000000000e+00
1.200700260733985170e+00 1.121775587753417236e+00 3.174603174603174427e-02 3.174603174603174427e-02 1.969898786989949002e+01 2.380952380952380820e-01 4.000000000000000000e+00
4.267954367604995247e-01 1.568096488690436385e-01 1.149425287356321823e-02 1.149425287356321823e-02 4.895346679252893018e+00 4.827586206896551935e-01 4.000000000000000000e+00
2.240978661480223233e-01 9.503657040661910027e-02 1.785714285714285754e-01 1.785714285714285754e-01 7.590411536958979966e+00 6.309523809523809312e-01 4.000000000000000000e+00
6.157238353846646861e-01 3.270830323744832180e-01 1.333333333333333419e-02 1.333333333333333419e-02 8.358242325702445186e+00 4.000000000000000222e-01 4.000000000000000000e+00
7.249188254323702951e-01 3.077260014629227269e-01 3.973509933774834607e-02 3.973509933774834607e-02 8.031015533471100198e+00 3.311258278145695622e-02 4.000000000000000000e+00
1.840745959876359528e-01 4.577000519785186933e-02 5.999999999999999778e-01 5.999999999999999778e-01 5.886106169137866218e+00 6.181818181818181657e-01 4.000000000000000000e+00
6.773465078526808014e-01 2.999502593745396739e-01 6.306306306306305731e-02 6.306306306306305731e-02 9.036714040912595891e+00 5.585585585585585155e-01 4.000000000000000000e+00
6.743399378664519661e-01 4.827757057361815596e-01 9.259259259259258745e-03 9.259259259259258745e-03 1.449808476310346705e+01 5.246913580246913567e-01 4.000000000000000000e+00
6.450257751348505986e-01 4.682984670382944747e-01 1.493212669683257887e-01 1.493212669683257887e-01 1.365428118041165995e+01 1.493212669683257887e-01 4.000000000000000000e+00
1.380202269988367869e-01 6.992345097185727332e-02 1.090487238979118284e-01 1.090487238979118284e-01 7.272214623128958166e+00 1.160092807424593919e-01 5.000000000000000000e+00
7.019170206405474233e-02 7.441184832008793104e-02 1.136457901285773536e-01 1.136457901285773536e-01 2.376856531780860848e+01 2.741600995437577515e-01 5.000000000000000000e+00
9.211785236012740019e-02 3.595522761144568508e-02 5.617977528089887485e-02 5.617977528089887485e-02 5.746604699687622109e+00 3.707865168539326017e-01 5.000000000000000000e+00
7.512974052531053160e-02 5.192793643417176197e-02 1.626848691695108040e-01 1.626848691695108040e-01 1.220684620400868958e+01 2.218430034129692807e-01 5.000000000000000000e+00
5.968131325781041857e-02 9.014743976294084526e-02 1.320306793279766300e-01 1.320306793279766300e-01 2.923209923509093855e+01 1.820672023374726167e-01 5.000000000000000000e+00
1.009546409193192440e-01 5.200892950146709243e-02 2.736318407960199039e-02 2.736318407960199039e-02 9.639848143752372422e+00 2.835820895522387919e-01 5.000000000000000000e+00
6.691706526563469259e-02 4.972579585568690647e-02 2.449324324324324287e-02 2.449324324324324287e-02 1.333835066013966753e+01 3.969594594594594850e-01 5.000000000000000000e+00
9.003936869214262950e-02 1.677974851798314238e-01 2.846441947565542946e-02 2.846441947565542946e-02 3.370795315002633430e+01 6.771535580524344622e-02 5.000000000000000000e+00
8.404366247917964550e-02 9.458069017781682575e-02 2.968617472434266404e-03 2.968617472434266404e-03 1.956317412508173348e+01 1.340118744698897413e-01 5.000000000000000000e+00
5.158550927975426303e-02 5.400059247753978553e-02 9.265175718849839870e-02 9.265175718849839870e-02 1.740315844338798712e+01 1.519346822861199764e-01 5.000000000000000000e+00
6.772881236384525883e-02 7.193673946150061504e-02 6.922810661128418232e-03 6.922810661128418232e-03 3.525559138642856993e+01 4.461751471097265553e-01 5.000000000000000000e+00
5.359635281454961514e-02 9.497162607356400554e-02 1.237019730010384261e-01 1.237019730010384261e-01 3.443755575849166206e+01 1.394080996884735080e-01 5.000000000000000000e+00
1.110723872844383564e-01 5.334989924627323715e-02 8.100558659217876878e-02 8.100558659217876878e-02 8.625578657090320789e+00 2.178770949720670314e-01 5.000000000000000000e+00
1.267723840522110290e-01 1.420895037025476371e-01 1.068656716417910463e-01 1.068656716417910463e-01 1.739097127021810962e+01 1.140298507462686600e-01 5.000000000000000000e+00
6.688304312776478799e-02 4.935704043842144978e-02 2.333621434745030213e-02 2.333621434745030213e-02 1.653497347280992358e+01 3.258426966292135019e-01 5.000000000000000000e+00
6.884669389144365548e-02 5.307618720524454048e-02 1.529720279720279685e-01 1.529720279720279685e-01 1.274443590979261032e+01 1.844405594405594540e-01 5.000000000000000000e+00
7.171568883340440070e-02 1.236832989531904264e-01 8.016167059616031987e-02 8.016167059616031987e-02 2.688432723302312155e+01 9.296059279218592264e-02 5.000000000000000000e+00
1.098321152841822412e-01 1.393961484046816468e-01 9.360301034807150256e-02 9.360301034807150256e-02 1.932972504709539763e+01 1.627469426152398924e-01 5.000000000000000000e+00
2.379789570062578186e-01 7.279251603019876171e-02 9.302325581395348708e-02 9.302325581395348708e-02 5.443135387421105698e+00 1.085271317829457349e-01 5.000000000000000000e+00
1.085970777375910440e-01 1.336473994258934317e-01 2.015113350125944530e-03 2.015113350125944530e-03 1.774199087712506895e+01 1.919395465994962191e-01 5.000000000000000000e+00
8.507071464105071812e-02 6.492057659819423787e-02 6.896551724137930939e-03 6.896551724137930939e-03 1.148228362261754221e+01 2.532019704433497442e-01 5.000000000000000000e+00
7.845281848868346231e-02 1.097400653568032236e-01 5.896226415094339398e-04 5.896226415094339398e-04 2.082253098716094541e+01 1.040683962264150886e-01 5.000000000000000000e+00
6.707770342966873356e-02 9.884390951667527958e-02 1.393539259608582992e-01 1.393539259608582992e-01 2.636483178545855921e+01 1.817967460504597843e-01 5.000000000000000000e+00
1.098613263810164775e-01 1.356372327758652574e-01 1.096687555953446691e-01 1.096687555953446691e-01 1.832936626755400411e+01 1.311548791405550696e-01 5.000000000000000000e+00
8.437666085214606815e-02 5.051223837669040206e-02 1.903945111492281184e-01 1.903945111492281184e-01 9.246540620041622915e+00 2.229845626072041176e-01 5.000000000000000000e+00
9.021984316619578725e-02 5.327853423613147787e-02 2.852233676975944876e-01 2.852233676975944876e-01 1.011713930020164298e+01 2.491408934707903811e-01 5.000000000000000000e+00
1.114769112280786512e-01 4.792215756580912173e-02 2.615894039735099375e-01 2.615894039735099375e-01 6.143435062825717274e+00 2.284768211920529812e-01 5.000000000000000000e+00
7.729507932862342279e-02 1.054274148296982100e-01 1.042089249492900577e-01 1.042089249492900577e-01 2.945427841895412158e+01 1.412271805273833669e-01 5.000000000000000000e+00
8.168647480050583720e-02 2.907536865329556422e-02 4.800000000000000100e-02 4.800000000000000100e-02 7.620007465741579722e+00 4.040000000000000258e-01 5.000000000000000000e+00
5.364263069701392245e-02 9.729047448771636908e-02 2.356267672007539998e-04 2.356267672007539998e-04 4.348793497775065475e+01 2.205466540999057590e-01 5.000000000000000000e+00
8.154049612588575024e-02 1.280638939007792965e-01 5.618776671408250156e-02 5.618776671408250156e-02 2.246491343282457365e+01 1.154575628259838782e-01 5.000000000000000000e+00
9.827131117898862955e-02 5.660596872147007769e-02 1.956124314442413137e-01 1.956124314442413137e-01 8.914495082018458305e+00 1.535648994515539378e-01 5.000000000000000000e+00
1.196263220742875000e-01 1.775716742625546019e-01 5.470914127423822521e-02 5.470914127423822521e-02 2.690660612136290908e+01 7.294552169898430027e-02 5.000000000000000000e+00
8.003781617747837696e-02 1.024705918124485110e-01 1.207865168539325879e-02 1.207865168539325879e-02 2.113758421868257642e+01 8.033707865168539242e-02 5.000000000000000000e+00
1.146726884428935084e-01 1.354729099400310000e-01 1.310266591038003470e-01 1.310266591038003470e-01 1.894732326564830061e+01 1.072036301758366450e-01 5.000000000000000000e+00
8.632479005918733406e-02 9.450768565048126013e-02 1.911840082009226005e-01 1.911840082009226005e-01 1.935858265492311148e+01 1.916965658636596570e-01 5.000000000000000000e+00
6.557553431948490164e-02 6.756931068133087415e-02 1.916083916083916039e-01 1.916083916083916039e-01 1.950895002408875811e+01 3.025641025641025439e-01 5.000000000000000000e+00
7.414767417129107530e-02 9.099718361446844372e-02 7.332402234636871408e-02 7.332402234636871408e-02 2.280976858969232879e+01 2.493016759776536251e-01 5.000000000000000000e+00
8.945214291396878792e-02 4.891339995196399004e-02 8.949416342412451486e-02 8.949416342412451486e-02 1.206782208616963281e+01 2.859922178988326680e-01 5.000000000000000000e+00
5.955512335901495119e-02 7.406891449225393165e-02 1.659259259259259212e-01 1.659259259259259212e-01 2.140559576087654747e+01 1.496296296296296402e-01 5.000000000000000000e+00
7.545707028152828788e-02 1.276832790127903350e-01 8.988572403206548933e-02 8.988572403206548933e-02 3.036409144316991160e+01 7.112399795326625196e-02 5.000000000000000000e+00
8.980386595049197340e-02 1.245053791921991448e-01 1.588785046728971861e-01 1.588785046728971861e-01 2.834805678607952117e+01 2.197873026103770444e-01 5.000000000000000000e+00
6.210638725192885873e-02 9.507955715398203056e-02 9.088273662849688517e-02 9.088273662849688517e-02 2.646522479159419206e+01 9.943470068125814798e-02 5.000000000000000000e+00
4.149326860444002563e-02 8.245960127532468709e-02 1.024204218227099394e-01 1.024204218227099394e-01 3.863384231573867567e+01 1.383765273562145015e-01 5.000000000000000000e+00
9.180167291144833430e-02 1.819295174007723448e-01 2.214294501168655518e-03 2.214294501168655518e-03 3.211083372734392327e+01 4.096444827162012275e-02 5.000000000000000000e+00
9.383352353180887673e-02 5.287493191640459805e-02 1.726907630522088455e-01 1.726907630522088455e-01 9.775961784373269126e+00 3.835341365461847341e-01 5.000000000000000000e+00
7.570549950176845566e-02 1.083620227402135178e-01 1.320652173913043348e-01 1.320652173913043348e-01 2.586780303248811919e+01 1.638586956521739246e-01 5.000000000000000000e+00
9.414582853576583532e-02 4.529628473299910502e-02 8.136482939632545819e-02 8.136482939632545819e-02 9.035154299188306481e+00 3.070866141732283561e-01 5.000000000000000000e+00
6.185431021479233238e-02 4.686152531611820909e-02 5.201863354037267184e-02 5.201863354037267184e-02 1.312493398741487738e+01 2.562111801242236142e-01 5.000000000000000000e+00
7.003733689208238578e-02 9.099977964275259013e-02 1.287767673804634805e-01 1.287767673804634805e-01 2.750659828004162932e+01 1.434438251686711574e-01 5.000000000000000000e+00
8.434246635204872833e-02 1.160884783000284415e-01 1.590413943355119819e-01 1.590413943355119819e-01 1.994240311487712347e+01 1.399782135076252654e-01 5.000000000000000000e+00
6.942108606525886072e-02 1.225663474720516677e-01 1.810649071658738604e-02 1.810649071658738604e-02 2.909435359901707230e+01 7.917753567592450414e-02 5.000000000000000000e+00
9.046835044238739354e-02 5.818482421050008568e-02 1.567999999999999949e-01 1.567999999999999949e-01 1.180432556926751353e+01 2.528000000000000247e-01 5.000000000000000000e+00
7.919647459387051114e-02 1.001155946202363506e-01 1.441525953721075615e-01 1.441525953721075615e-01 2.563464805845600125e+01 1.891807379612257534e-01 5.000000000000000000e+00
8.761443221009082571e-02 4.311007495937400902e-02 3.655352480417754790e-02 3.655352480417754790e-02 8.626304517958397255e+00 2.637075718015665649e-01 5.000000000000000000e+00
7.697630534301401484e-02 4.422747057665459697e-02 1.038338658146964882e-01 1.038338658146964882e-01 8.940106234013835973e+00 2.635782747603833687e-01 5.000000000000000000e+00
6.306814264368695855e-02 5.891768104131334810e-02 8.307959982601130500e-02 8.307959982601130500e-02 1.348778202066032961e+01 8.177468464549804417e-02 5.000000000000000000e+00
1.078494302376155067e-01 4.312409174246018689e-02 3.846153846153846367e-02 3.846153846153846367e-02 1.070261373404314931e+01 5.153846153846153300e-01 5.000000000000000000e+00
7.225365545401210565e-02 4.093261003769060880e-02 2.686308492201039955e-01 2.686308492201039955e-01 9.606075320797582862e+00 3.136915077989601564e-01 5.000000000000000000e+00
7.708608069131603346e-02 5.436616862765722424e-02 2.083333333333333218e-02 2.083333333333333218e-02 1.685709332900413671e+01 2.781250000000000111e-01 5.000000000000000000e+00
1.145051844466229291e-01 1.507952958062323268e-01 1.163651315789473728e-01 1.163651315789473728e-01 1.980630158343756264e+01 9.909539473684210453e-02 5.000000000000000000e+00
9.174601821024336301e-02 5.318425995961358066e-02 1.268939393939393923e-01 1.268939393939393923e-01 9.192010134201169080e+00 2.083333333333333426e-01 5.000000000000000000e+00
9.250476902432401560e-02 4.989150999271669412e-02 4.888888888888889145e-02 4.888888888888889145e-02 8.618456026683588789e+00 3.466666666666666785e-01 5.000000000000000000e+00
7.659793970793497830e-02 4.568425862807422994e-02 1.836419753086419859e-01 1.836419753086419859e-01 9.295030620305752223e+00 2.654320987654321118e-01 5.000000000000000000e+00
6.812996045433322712e-02 1.230567661369489918e-01 9.532888465204956800e-04 9.532888465204956800e-04 2.934183542637290643e+01 9.274138635435108524e-02 5.000000000000000000e+00
8.962959961438529688e-02 7.107480100783969412e-02 1.867321867321867224e-01 1.867321867321867224e-01 1.423117559360858841e+01 1.392301392301392438e-01 5.000000000000000000e+00
7.346954581178401222e-02 8.638124946135183890e-02 1.985092193016869400e-01 1.985092193016869400e-01 1.785260975790043858e+01 1.847783444488034499e-01 5.000000000000000000e+00
7.234801657014371112e-02 9.619951763596812366e-02 2.406417112299465404e-03 2.406417112299465404e-03 2.025311294353982561e+01 1.045454545454545386e-01 5.000000000000000000e+00
9.608282685788760435e-02 5.429557026860142022e-02 2.096153846153846201e-01 2.096153846153846201e-01 9.184388569857414808e+00 1.769230769230769329e-01 5.000000000000000000e+00
6.305796537881368236e-02 9.182784311419421586e-02 7.756588815084636268e-02 7.756588815084636268e-02 3.482739619547088950e+01 1.900578530104992392e-01 5.000000000000000000e+00
6.768454773620276310e-02 1.299520149003867975e-01 7.000127275041363728e-02 7.000127275041363728e-02 3.890252361890290445e+01 1.274023164057528357e-01 5.000000000000000000e+00
9.474819140437508447e-02 1.414157930685603914e-01 8.324022346368714631e-02 8.324022346368714631e-02 2.323277433471319853e+01 9.273743016759776470e-02 5.000000000000000000e+00
7.365559762797382892e-02 6.200993793095891521e-02 2.633085289066972035e-02 2.633085289066972035e-02 2.233964234748077615e+01 4.190040068689181441e-01 5.000000000000000000e+00
6.231698329762049710e-02 4.360291373614578331e-02 1.895734597156397971e-01 1.895734597156397971e-01 1.131573460008281451e+01 2.417061611374407559e-01 5.000000000000000000e+00
6.622047950029691377e-02 1.063301222224994208e-01 8.295540438397580596e-02 8.295540438397580596e-02 2.727149938617274927e+01 8.276643990929705152e-02 5.000000000000000000e+00
7.817300471783143745e-02 9.537988297751205657e-02 1.568477429227237846e-02 1.568477429227237846e-02 2.415416538650175227e+01 2.050497322111706211e-01 5.000000000000000000e+00
7.535311348724242630e-02 9.039966488157137603e-02 1.022972002871500308e-01 1.022972002871500308e-01 1.984251098560249460e+01 8.542713567839195499e-02 5.000000000000000000e+00
6.737263924296230111e-02 7.652252912588487777e-02 8.171797795515013674e-02 8.171797795515013674e-02 2.102697597049940370e+01 1.501330292664386223e-01 5.000000000000000000e+00
6.439088531939894666e-02 5.907708436863567947e-02 2.880859375000000000e-02 2.880859375000000000e-02 2.116734153725225198e+01 2.016601562500000000e-01 5.000000000000000000e+00
1.530206917144521783e-01 1.069394311294780964e-01 1.463146314631463274e-01 1.463146314631463274e-01 1.475035039946842730e+01 1.705170517051705081e-01 5.000000000000000000e+00
9.183112158072068154e-02 7.488990995536180806e-02 1.391650099403578533e-01 1.391650099403578533e-01 1.492441154381637958e+01 2.485089463220676032e-01 5.000000000000000000e+00
7.712903955815547663e-02 1.454764048556607126e-01 1.175433441081398869e-03 1.175433441081398869e-03 3.120928970018583826e+01 1.165148398471936575e-01 5.000000000000000000e+00
6.092188279908553050e-02 1.077341062103012864e-01 6.434281221334031686e-02 6.434281221334031686e-02 3.032582358075791618e+01 7.797143231555497822e-02 5.000000000000000000e+00
4.730819055610758356e-02 4.641118966936200879e-02 3.542330853701735824e-03 3.542330853701735824e-03 2.237035577330400571e+01 3.528161530286929026e-01 5.000000000000000000e+00
6.568265625068113456e-02 8.693599162566653660e-02 1.247346072186836519e-01 1.247346072186836519e-01 2.588830940265685143e+01 1.443736730360934140e-01 5.000000000000000000e+00
7.894643209467569478e-02 5.189081886202336763e-02 1.820512820512820429e-01 1.820512820512820429e-01 9.852514725415520758e+00 2.205128205128205066e-01 5.000000000000000000e+00
7.532173516296215843e-02 1.129207956154242021e-01 1.167199634536317948e-01 1.167199634536317948e-01 2.801686862517787446e+01 1.059844677935130181e-01 5.000000000000000000e+00
1.613548246488703541e-01 5.133621195498414697e-02 9.523809523809523281e-02 9.523809523809523281e-02 4.273722602901942835e+00 2.380952380952380820e-01 5.000000000000000000e+00
5.544986960265970571e-02 1.050042187867899907e-01 1.095116819842763822e-01 1.095116819842763822e-01 3.541497477621480527e+01 9.910308935887499060e-02 5.000000000000000000e+00
7.237168275441850651e-02 8.140071980117585815e-02 1.525080906148867377e-01 1.525080906148867377e-01 3.047747926010107022e+01 2.593042071197411147e-01 5.000000000000000000e+00
8.484465683297275074e-02 4.787938887913108926e-02 2.776801405975395376e-01 2.776801405975395376e-01 1.092230970693560899e+01 2.565905096660808238e-01 5.000000000000000000e+00
7.588577527702140835e-02 1.238087593118354646e-01 4.165902000367039532e-02 4.165902000367039532e-02 2.560381343917769215e+01 8.552027895026610704e-02 5.000000000000000000e+00
8.643187736792277975e-02 1.071695918128798136e-01 7.882711348057883094e-02 7.882711348057883094e-02 2.376650437359338142e+01 1.439451637471439449e-01 5.000000000000000000e+00
6.444436900395657253e-02 7.467999162760943777e-02 4.043865661411925883e-02 4.043865661411925883e-02 1.944660564040859541e+01 2.227553118574366053e-01 5.000000000000000000e+00
6.422155710150016794e-02 5.440537848812187355e-02 2.895752895752895864e-02 2.895752895752895864e-02 1.530679476263762773e+01 2.792792792792792578e-01 5.000000000000000000e+00
4.950678831443731942e-02 5.071846499109831929e-02 8.324205914567360531e-02 8.324205914567360531e-02 1.885940085036164149e+01 2.040890836071558856e-01 5.000000000000000000e+00
5.718141786472603211e-02 9.643273909960621559e-02 9.146614855776416531e-02 9.146614855776416531e-02 3.075569655731725405e+01 8.787924077118516863e-02 5.000000000000000000e+00
8.892542419048529712e-02 7.235078844614796501e-02 5.988023952095808400e-02 5.988023952095808400e-02 1.519792774950207459e+01 1.899059024807527862e-01 5.000000000000000000e+00
1.113355425977429619e-01 1.010108928509138443e-01 5.530417295123177257e-02 5.530417295123177257e-02 1.963177300258507785e+01 9.451985922574157595e-02 5.000000000000000000e+00
8.348049050202210886e-02 7.751814958784480902e-02 1.860927152317880806e-01 1.860927152317880806e-01 2.304488948684894112e+01 1.980132450331125726e-01 5.000000000000000000e+00
