1.000000000000000000e+00 1.000000000000000000e+00 1.000000000000000000e+00
7.841567099813731567e-02 6.616878356627037272e-02 4.521969881727414275e+01
7.770004260784393879e-02 1.393968590404799646e-01 9.286659581854414114e+01
7.195961618026307238e-02 1.290701953603718699e-01 1.046213474745156873e+02
6.466329022137995430e-02 9.079603018770771028e-02 1.504879823788043893e+02
7.537768037601143278e-02 6.937804997856353295e-02 6.894002257883481377e+01
5.870585412082317961e-02 2.442325134302861592e-02 1.144410610827132047e+02
6.335604203911406052e-02 6.319893565971175520e-02 2.174379362782394480e+02
7.731255632135188016e-02 1.104981663870146097e-01 1.035613170129788472e+02
9.682235885787411622e-02 1.454373051019005048e-01 8.090336927761920549e+01
6.095760995921788161e-02 4.542755656702932021e-02 1.219321945715229134e+02
7.300430141393279837e-02 1.111792663029761291e-01 1.075303865894873923e+02
8.219399276334514448e-02 7.432087500945014358e-02 3.622623981545438454e+01
7.392285323432437605e-02 9.101817812853296719e-02 7.628586472251939199e+01
6.761530757318823248e-02 8.584509210943859492e-02 1.007496053268141480e+02
7.939917378815369853e-02 2.183443576811303632e-01 2.186422613829843442e+02
7.315322761113851602e-02 9.576471430014535380e-02 7.776505507683755525e+01
6.640109217573281208e-02 4.858689235278903368e-02 1.711292685497949719e+02
8.434799495317442386e-02 5.643002649756338057e-02 3.229488215539213769e+01
7.664653907890414675e-02 1.072065492966160494e-01 7.844538489787136371e+01
8.312737760454014246e-02 1.279016258532063854e-01 7.261456141251453289e+01
7.019063226952554357e-02 7.232685029537222476e-02 1.061533185476591825e+02
6.742583136318969217e-02 1.391267036134261059e-01 1.498462366447195961e+02
7.808817165719185438e-02 1.691589549302001949e-01 1.340078736594382178e+02
7.135839380299321966e-02 8.623862487596462012e-02 1.161641186941511279e+02
7.172623098604427594e-02 4.169341828374792391e-02 1.164197991255505826e+02
6.764577405382703190e-02 1.180319613464286960e-01 8.536335596345955423e+01
8.746609182396539173e-02 6.429322580176109747e-02 6.333353873718133542e+01
7.239827688123537386e-02 9.726387465914514141e-02 8.843945409767331967e+01
6.879660355444994213e-02 6.889896466686311338e-02 1.568913747828503347e+02
7.349713109858681259e-02 1.246086793376024460e-01 9.747938793167038796e+01
6.814483550366168263e-02 1.283251820828694989e-01 1.212068306076069462e+02
6.871278460049395909e-02 4.128812204930782520e-02 7.136007177718751393e+01
1.202142147308168790e-01 1.380837860232613790e-01 3.305019970318990374e+01
8.328875283529724172e-02 1.375019859792148413e-01 1.329029092310257454e+02
8.210625765912836493e-02 1.370768451685327183e-01 9.024378848106759676e+01
7.878157471237194620e-02 1.238385234534148255e-01 6.699135147510908439e+01
8.052490649692586877e-02 1.376699949557847469e-01 9.802426089971811507e+01
7.603685571274541866e-02 8.339003732510175126e-02 7.555345766618491155e+01
9.786148873508451751e-02 7.209749584524456634e-02 4.233796472270429234e+01
8.955728649821174947e-02 6.906747273343290250e-02 4.240953402803840078e+01
7.242401209131595075e-02 6.395918934334443584e-02 5.849790919490005336e+01
7.662928230890886372e-02 1.084135416377987604e-01 8.852042090082147752e+01
9.090946638898608767e-02 1.669831607537507479e-01 9.208356719142750535e+01
7.068820841607791061e-02 9.004783359673211585e-02 1.415374067060737957e+02
6.874176236364505643e-02 8.886126431400680203e-02 6.749379675417736735e+01
1.240180612835735663e-01 1.769338383137155357e-01 5.155201943905281325e+01
7.781531689468307311e-02 1.678138864135188257e-01 1.372856728314446570e+02
8.194735924251865533e-02 8.136505558511022973e-02 4.802531358076300450e+01
8.142857637016859274e-02 1.290871139106199994e-01 6.273334434720496233e+01
6.966387809997202918e-02 7.833951876863545771e-02 1.055785203172565900e+02
7.270948458100766343e-02 1.043023695542068113e-01 1.238474909139684428e+02
9.235717367345870621e-02 2.232612379693102167e-01 1.264947570188013799e+02
7.268877431856901605e-02 6.342125836844098030e-02 4.641572229341196731e+01
8.245616281173892559e-02 2.017394599673105471e-01 1.027281996095393879e+02
7.535362276006460358e-02 1.642805116056652304e-01 1.172304709081475806e+02
7.317764395805211042e-02 9.127819824999770792e-02 9.258962664903700102e+01
7.186725027681704903e-02 1.127573379882109705e-01 1.043802202328944162e+02
6.711488745674952516e-02 4.704693239066747718e-02 4.218114525023811012e+01
6.910575169917396177e-02 7.936136406924393372e-02 1.249367789428086724e+02
6.731732339396047371e-02 1.995975482410671242e-01 8.947504919479611090e+02
7.322889839127570688e-02 9.078763640217446529e-02 8.619871940955536616e+01
7.275923735142517113e-02 8.735923608146592412e-02 5.970899384653571218e+01
6.771086925355102037e-02 6.025922736910506450e-02 7.842415153392582283e+01
7.880636296149481912e-02 2.182415610608833267e-01 2.350805619297163673e+02
5.919471647702555933e-02 2.274158623577909530e-02 8.776603296326989323e+01
7.646992691282883392e-02 8.894658324325578624e-02 1.344182449874523968e+02
8.489841646745331649e-02 1.355625515541148407e-01 7.941688684290507183e+01
7.093015707080120580e-02 1.307948678075345483e-01 8.145367390967196286e+01
6.880631822530776376e-02 1.283605589153881399e-01 1.275075735849719365e+02
7.093817544821692800e-02 1.161554949384642071e-01 8.463965403042521984e+01
1.023271035295464509e-01 6.806614353289382191e-02 4.615841787299344645e+01
7.281647665562042404e-02 6.338758447211989555e-02 5.808103154445898753e+01
7.724237298442872268e-02 1.770958401479255373e-01 1.254715662420064035e+02
7.786493510480393954e-02 1.618189853168875703e-01 1.157677087519237062e+02
7.707342638775420418e-02 7.600126719679976828e-02 6.887224372657625793e+01
8.743839033533007399e-02 2.205561146248946058e-01 1.153380828093324197e+02
8.198553876836925380e-02 1.288284869714755587e-01 6.659890273183275156e+01
8.317650814765595313e-02 7.416652127090041235e-02 4.121906412768043992e+01
5.671986044002770566e-02 2.416304883625177563e-02 1.058873393773746869e+02
6.992544848936316226e-02 9.553812284561764845e-02 8.131060209366749802e+01
1.209785721905581451e-01 1.455084379662095750e-01 6.070805678835423436e+01
9.139666500520308989e-02 1.593168668331661209e-01 8.592007502569509825e+01
7.325680202142964559e-02 1.333494952768259634e-01 7.883319858742457598e+01
6.999891146677651721e-02 1.250903886392516207e-01 8.625132399256655447e+01
7.385470452770626082e-02 7.996423457068196905e-02 6.516442625423194102e+01
6.489971263768430643e-02 1.020215197573170890e-01 8.218549911588014822e+01
7.816584038775234444e-02 1.184403658841710894e-01 6.893088108001759906e+01
6.577160422935647566e-02 9.268743912477468705e-02 1.338659488003435740e+02
7.300351202325468247e-02 7.705234965310998885e-02 4.787508466434348975e+01
5.722646730485945327e-02 4.041818463020831198e-02 1.038984896953799932e+02
8.400956200696299558e-02 1.395810498979914160e-01 7.854000116419530286e+01
7.575241099503872422e-02 1.298726260966037993e-01 1.099538901267518725e+02
7.390553635192870230e-02 6.091550561994069773e-02 5.012015998465881239e+01
1.481686937552122441e-01 1.138728002048744053e-01 4.777317952531773670e+01
7.485865256828652670e-02 9.009727391582990352e-02 1.335036752321413474e+02
7.676178757151293219e-02 1.392150127259128845e-01 7.942323843788027204e+01
8.689254123583964318e-02 1.270128994034191439e-01 6.882673882250836073e+01
6.598089007167266817e-02 1.304491477531496690e-01 1.488773446043984165e+02
7.814836725472182333e-02 1.298254057659220806e-01 6.190173202105200545e+01
1.487901225882269085e-01 3.771433845130837959e-02 1.785481471058722747e+01
8.174413703719081437e-02 2.404216054153871310e-02 1.732326914415647323e+01
7.921894675287018128e-02 2.890007552529504087e-02 1.879692635231073083e+01
7.559133781748102188e-02 2.164576250945611860e-02 1.910948291056998016e+01
9.450849463355689983e-02 2.857385878562530845e-02 2.314773482314801001e+01
6.887868703211540156e-02 1.576910264777033055e-02 2.224207513696664762e+01
1.247122476111180711e-01 2.338397011828386579e-02 1.735126779394177987e+01
6.258875185311729705e-02 1.582424851556133230e-02 1.929341071440969557e+01
8.996958554891205939e-02 2.375363482189722653e-02 1.168992740985481582e+01
6.845472190806663193e-02 1.637643530857099336e-02 1.853117260248382081e+01
7.657037721751881743e-02 2.715547260188524298e-02 2.319765195739014274e+01
6.883537352629212624e-02 1.829854113687935310e-02 2.267879948802180934e+01
1.277576729464715566e-01 3.322840819712090388e-02 1.375851912966410140e+01
7.873420490502031077e-02 1.944135688509578477e-02 2.306912203717095267e+01
8.588279704145419802e-02 2.917304682956229495e-02 2.679801715543604956e+01
7.883032783849784619e-02 2.294027536440973111e-02 1.622306284135474641e+01
6.242794546821164164e-02 1.504615652962966801e-02 1.056472697846741937e+01
7.169667842810409364e-02 1.758331465504557253e-02 1.946992095765563491e+01
1.048033969323405173e-01 2.713284899891689819e-02 1.427636845794884124e+01
1.218867553930813308e-01 2.493725098603849499e-02 1.869719645125916685e+01
1.074328276250761105e-01 1.977216921328016699e-02 1.523593620689500128e+01
1.194875442146987737e-01 2.848721421514547811e-02 1.507819877674777587e+01
1.457203718278415328e-01 4.440866995965576935e-02 1.431335744335158466e+01
7.818330797668160415e-02 2.134333091328972226e-02 1.878921780448531109e+01
7.005872833561951896e-02 2.475278970464360462e-02 2.198698903694291573e+01
8.229002352807521237e-02 2.504202354607537942e-02 1.542218293639680482e+01
7.815055758428576804e-02 2.221118233995589622e-02 1.621771062449323253e+01
7.439782970696770525e-02 1.974672837047725810e-02 2.517219946512922846e+01
1.240611513746007338e-01 3.144839112555295607e-02 1.285561099663773277e+01
7.084901010909179508e-02 2.351990554709146655e-02 2.029728371561821731e+01
6.972795526200539773e-02 1.879332095974612857e-02 1.825398475300699985e+01
7.254194372181560491e-02 2.096719284508727008e-02 1.953052044421870548e+01
7.190131060057723678e-02 2.059920081040630263e-02 2.088263978179919533e+01
6.905972373390598107e-02 2.073473295183032167e-02 1.847690341686777415e+01
9.116520702392229281e-02 2.764511834611558735e-02 1.990323729550460996e+01
6.732426716686747137e-02 2.016611777371838526e-02 1.638494363587858160e+01
1.152253935324097228e-01 2.630323421053439720e-02 1.803938848320047583e+01
1.319133562485564626e-01 2.960918654986880935e-02 1.703347663056988637e+01
8.203146985190154505e-02 1.805335453794136569e-02 1.351106497299442388e+01
8.014837622233128567e-02 2.331281376994256277e-02 1.521736532731899949e+01
6.980131349491236481e-02 1.943732869980118599e-02 1.864920671017976872e+01
1.194253088538671653e-01 2.217565417578108017e-02 1.742635422781112453e+01
1.310040202518218400e-01 3.161188441727756648e-02 1.590763416104070949e+01
8.141770178106866318e-02 2.296962121630977821e-02 1.311485209810174091e+01
8.213876862817900970e-02 2.126909051706630735e-02 1.755864835933693513e+01
1.209015052381942068e-01 3.159824658314457774e-02 1.209014967498026394e+01
1.411126635213118818e-01 3.316656118925313812e-02 1.569269698784804135e+01
8.988534552431574898e-02 2.507258894938250299e-02 1.474914668376571214e+01
6.962034979576611771e-02 2.049599996207771349e-02 1.613034778321075180e+01
6.723413531485554484e-02 1.609286513099707910e-02 1.563924862585038511e+01
7.124493986898629283e-02 1.692964311845684619e-02 2.158302630507874653e+01
1.229850424136443299e-01 3.241829754241588174e-02 1.834695210543197419e+01
7.010080303526231016e-02 2.510644131711788074e-02 2.655188748394007092e+01
1.230333190577168612e-01 2.363976167733095046e-02 1.463098124826703739e+01
1.253797060359952142e-01 1.729229441653314103e-02 1.983619003945417347e+01
1.375291823962210558e-01 3.153587497781270427e-02 2.245375455296789724e+01
1.147443591009376929e-01 4.018796842835697242e-02 2.144284699461456967e+01
7.430835344499207851e-02 1.905927788930568412e-02 2.288109266819925125e+01
6.998698649585360920e-02 1.856005541636930947e-02 1.437827624648558889e+01
1.183383475438882226e-01 2.276456919345760943e-02 1.907335933234115188e+01
1.086256011093263141e-01 2.650683202497366650e-02 1.836061634132713039e+01
8.026667812930939061e-02 2.511042973809964052e-02 1.697531752074010214e+01
7.752956045642236949e-02 2.496795302330253111e-02 2.346699727991920525e+01
7.176230756604237704e-02 7.500585665877159552e-03 1.552408316881928130e+01
7.785806957185122112e-02 2.240601386333190490e-02 2.180025628160380080e+01
1.460582159829401927e-01 3.402406138220796794e-02 1.494030127672828279e+01
1.410564899668730887e-01 3.812415491865807360e-02 1.541172869621538055e+01
1.217600414653000201e-01 2.469473911719184678e-02 1.764278117506454890e+01
7.747551755484188840e-02 2.403110335343576487e-02 1.917021905899033385e+01
7.346900885643117829e-02 2.261895452015666094e-02 2.077795066143793079e+01
7.260023579452695719e-02 1.699231434464637536e-02 1.849909922234064652e+01
8.175290967171852663e-02 2.104725194040116959e-02 2.071535893887362789e+01
1.100282286554017941e-01 2.735147940488795101e-02 1.591177227098914138e+01
6.858510492385469504e-02 1.515611131028336833e-02 1.730357909517743664e+01
1.335156002792670382e-01 3.097833423085643439e-02 1.416074875804160982e+01
1.104414889718848686e-01 2.465451495540486870e-02 1.362111913821771481e+01
8.202764625506282770e-02 2.395803424967070730e-02 2.146816152689794777e+01
8.087382527281994360e-02 1.929230136230316445e-02 1.943809712282335411e+01
1.417829104046545163e-01 4.318896753050091575e-02 1.265632432222029458e+01
7.740206693788671821e-02 2.000597897673890221e-02 1.655896962704797204e+01
1.237612329734295580e-01 2.754372802355305183e-02 1.928070121849419394e+01
7.405554764899413556e-02 2.118502100522841672e-02 2.571747423138656785e+01
6.602936300960755844e-02 1.678242468974149026e-02 2.171350286306748245e+01
8.122473468791280293e-02 2.651329293861152264e-02 2.041595314161164865e+01
8.497238906045993800e-02 2.745502929798350478e-02 1.829773938113705256e+01
8.883643554661101172e-02 2.826381067008840522e-02 2.476652715098266810e+01
7.930589772125851145e-02 1.967524302270966599e-02 2.247000346147886063e+01
8.302969501599072322e-02 2.107732691229111111e-02 2.341286509002377514e+01
1.142414605267611655e-01 3.299499845443624318e-02 1.974745784323824793e+01
8.368137146408927141e-02 2.341804328794356085e-02 1.965938375884380918e+01
7.292873740291980211e-02 1.814018736275803401e-02 1.835174281397151574e+01
8.480860591705395579e-02 2.502269672638649661e-02 1.451060124594589951e+01
8.224920800829660372e-02 2.216238624645248609e-02 1.596602116360037016e+01
1.243169323045484331e-01 2.775287761852188867e-02 1.535125555335130976e+01
8.060520649229829804e-02 2.268128970521314514e-02 2.548165062682896220e+01
1.387009875351589983e-01 2.959548263044075103e-02 1.218156398202311941e+01
1.314720440628246168e-01 3.541200651455437415e-02 1.830090853354518998e+01
7.012323112079271725e-02 1.712689285533565420e-02 2.151354056204427678e+01
7.680530328110947436e-02 2.185125568063297358e-02 1.822498250583676338e+01
1.142092075483378683e-01 2.534588985680525861e-02 2.754459212770741416e+01
2.484407880300014693e-01 6.908716533501636781e-02 2.915230425693940219e+01
6.317068454275952538e-01 3.897986759003631563e-01 3.284213565545642268e+02
3.080965754444702220e-01 9.595454614537128613e-02 4.273598448220924695e+01
1.933770020457372674e-01 5.391105233527086760e-02 3.754618170625622753e+01
1.243313157799961877e+00 9.935263861062727520e-01 9.785929624564425922e+02
2.354366738205606047e-01 2.798335798805278579e-02 1.129673475185155773e+01
1.795468204004862511e-01 2.763405266065606727e-02 1.328646470963598247e+01
3.665401515156082035e-01 1.514846120168271970e-01 6.937519833102609823e+01
6.072444684475267751e-01 3.925828463397487700e-01 2.124074421979839258e+02
2.515553619828533871e-01 7.383526608309237682e-02 4.842251973734357762e+01
3.042470223521174244e-01 1.484930015435386164e-01 8.575181262104401014e+01
1.544352854129576180e-01 2.131593445482045726e-02 1.459730741790757946e+01
1.971635815792367186e-01 3.941945301287017034e-02 2.265747904358039122e+01
1.493156275681074785e+00 1.741968071825526376e+00 1.121941064642762512e+03
2.035100579875905868e-01 2.555136663827899460e-02 2.807035190277202119e+01
1.429873284727167793e+00 1.320395185077791300e+00 6.203317439165800806e+02
1.066459808353152905e+00 6.790890372717175438e-01 8.140040771813588663e+02
7.531767476762732949e-01 4.803066458805843042e-01 1.031524590622852457e+02
2.377435840765139974e-01 4.018431143501374064e-02 4.245420855027118989e+01
1.120343602046762060e-01 1.917118291571837801e-02 1.266475708810857981e+01
1.187390318213967566e+00 1.165909841966735083e+00 7.683368042628337662e+02
2.061607837605120841e-01 7.363905994264208221e-02 5.618606973849383479e+01
1.688546750089242876e-01 3.929227159321541790e-02 3.075168427317745667e+01
3.743595763649655295e-01 1.017192166689262073e-01 4.169003830990950377e+01
9.745788225084885958e-01 9.431187319991062301e-01 4.270001605457692904e+02
3.005752689716856829e-01 8.659457299996750623e-02 5.164247025286908865e+01
1.030727824002443116e+00 7.560818653975379666e-01 6.264892695296114198e+02
5.186682825867593438e-01 2.190782195341272054e-01 1.199946142652492682e+02
3.226554311473646686e-01 1.315995580486443994e-01 3.833146522030692438e+01
8.269531997776473631e-01 4.742270438031665480e-01 1.416606741652313985e+02
2.080179580828802610e-01 4.384484985604220758e-02 4.130355776171626303e+01
1.864366683025900084e-01 5.492693162747967761e-02 1.562391713802670878e+01
4.988395756045295171e-01 2.932311158651638716e-01 1.704157303938776238e+02
6.782852362057044671e-01 4.708763936666452987e-01 1.356570592394111543e+02
8.367931957813833366e-01 7.369292172078465430e-01 6.256931257619302187e+02
5.660119815430600942e-01 3.376702897879228504e-01 9.524615100332154327e+01
2.218038909624158450e-01 5.972340714459103278e-02 2.912303076012392822e+01
3.678154371872172090e-01 1.425988849912801504e-01 2.206892736888541506e+01
1.584492581680851109e-01 2.145786774351980328e-02 1.390473054820779097e+01
3.258441245529605790e-01 1.354132564305678965e-01 6.182110968690543729e+01
3.079856701279316544e-01 1.186116814429622884e-01 7.792753354318422510e+01
3.745991043863887149e-01 1.595998062682359442e-01 4.017193946024264761e+01
3.100279890224387214e-01 8.271434025031562665e-02 2.577761194308198611e+01
1.549497526918655055e-01 2.659511303448940447e-02 1.205164695270011244e+01
2.502370732554717869e-01 7.227609240617262343e-02 6.629264349371496223e+01
7.277212698519713863e-01 5.643615536256836318e-01 3.088250879159413103e+02
5.831884602187112909e-01 4.778747558944254070e-01 2.680689963640836027e+02
1.342094925679386375e+00 1.335533743676389884e+00 1.864423804335462364e+03
1.837637981739827175e+00 1.677805080861578979e+00 9.288520667137668170e+02
2.511665582374340011e-01 1.104189539240312823e-01 7.104757453009719370e+01
7.007135734823296547e-01 1.624403208315549352e-01 1.908840675405287755e+02
1.264733783712955084e+00 1.066773978268766632e+00 4.955416941337294929e+02
1.375304647898449195e+00 1.234775445779938030e+00 8.304555551073501647e+02
2.108127115264728790e-01 5.847873399405133926e-02 2.780039886544071237e+01
1.691883310149688846e-01 3.056645347162646395e-02 1.729902955912556095e+01
1.600065731986143880e-01 3.222495853891150369e-02 2.816644546846300656e+01
5.412765881721561811e-01 2.545494450008927156e-01 2.033790661845417844e+02
9.946864853104819826e-01 7.013772014559577217e-01 4.184413689410232564e+02
1.792125682750760896e-01 4.011238934577005671e-02 5.212673451123811219e+01
2.194205578929289135e-01 4.202868796756476649e-02 3.214214824556641048e+01
3.042651936127259704e-01 1.416123277228884814e-01 1.078758106418759581e+02
9.474187653398643549e-01 7.313175972729121233e-01 6.279825211468403268e+02
3.838428073964864629e-01 1.647013371623352040e-01 3.913691076796594359e+01
2.029821192003586350e-01 5.534434893080054235e-02 2.171436888879179250e+01
2.736564476708145954e-01 8.891870859304534802e-02 4.585265812084315940e+01
6.343925542287046637e-01 3.816554148625453391e-01 4.149838171339771975e+02
7.504099131407147016e-01 5.930988093964884023e-01 5.838318673249880248e+02
4.815952804754567440e-01 2.740740335001412009e-01 8.519194550826036050e+01
1.510537130882990409e-01 2.788511189923464570e-02 1.808533923417281741e+01
1.945846174396706485e-01 6.724913390325791551e-02 1.570743140989260311e+01
3.958058835914670670e-01 1.724689831092642012e-01 6.723019639919270674e+01
1.411381726538530057e-01 3.837580962221262548e-02 3.436806237417689402e+01
2.101581798338863494e-01 7.771556946885589678e-02 3.122772786088975749e+01
4.625645228097645667e-01 2.775160350311928759e-01 1.043073689387508693e+02
2.816229064515675673e-01 4.604006832442589237e-02 3.304375435698393204e+01
5.098131657798128380e-01 3.859152606704218114e-01 1.272774896160197073e+02
2.268889708228897517e-01 6.131004609579368547e-02 4.213652028249972403e+01
2.680834789455300293e-01 9.662424034502145598e-02 3.706457377415642185e+01
5.092915826654883515e-01 2.815056814635297222e-01 8.201578302120240949e+01
8.357707719363683951e-01 4.700153552942772928e-01 1.205064780501771651e+02
2.896947458149852217e-01 9.000279590170016941e-02 6.560029574450683754e+01
2.809055873668054315e-01 8.895969606617906700e-02 4.638410148113816689e+01
3.996730587179226912e-01 1.723019195236024370e-01 6.593333906318486015e+01
1.986381034993359440e-01 4.009632929134987478e-02 2.817049304987699543e+01
7.897475137215324015e-01 6.378226927391851264e-01 2.779421564590911089e+02
1.316495868761886179e+00 1.072337758379379169e+00 3.121444089515645715e+02
1.137941867583914579e+00 1.205229265879582901e+00 4.913839523996373373e+02
2.972571118119756162e-01 9.831493060418260155e-02 2.113202082955790218e+01
1.001990205603293660e+00 8.539038709977391228e-01 6.106617565231479148e+02
1.202559003729467113e+00 1.175667054288941804e+00 1.368225931131766174e+03
1.969078981057785782e-01 5.231542631686147971e-02 7.021811383279775498e+01
1.511742637154808444e-01 3.619875484590947406e-02 7.169089464355552366e+01
1.310574257103382101e-01 2.157606349508603069e-02 1.464227983301243619e+01
3.688166664624319413e-01 1.494056330920680298e-01 6.064434110483804119e+01
4.230541296401009177e-01 2.223754191658633694e-01 1.035430858316837686e+02
5.494649367785825467e-01 2.523734109969904549e-01 1.505785655875463647e+02
2.884502598268489093e-01 9.022061321645610810e-02 6.523933149160205858e+01
2.369178302818852888e-01 5.428949865687478227e-02 3.496448597430457994e+01
2.381831530663234275e-01 8.018282052357408873e-02 5.535240133433232046e+01
3.991143314441379930e-01 1.244394316512801024e-01 4.267259737998858071e+01
8.552469502921057343e-01 5.389452844973551260e-01 1.312116372422297061e+01
3.924259927566216000e-01 1.559654737546889991e-01 5.744342000160782113e+00
6.681357157625541499e-01 2.991038822366144934e-01 6.789508109998801721e+00
6.638801847733438732e-01 4.121462788539294597e-01 1.087498969343001143e+01
3.321162687893020604e-01 1.753808014902486501e-01 1.211775689835137015e+01
5.012574450694112782e-01 1.682611350069642686e-01 7.312963278710070014e+00
4.046815376052615432e-01 3.445346943286825558e-01 1.512719700063102302e+01
1.079524118735433635e+00 5.555957138234295378e-01 2.006608077815959490e+01
3.208910008227031652e-01 1.205805287280478089e-01 1.647050987859867277e+01
2.515019112990541372e-01 1.011743921353606551e-01 1.218387036959862435e+01
3.544398186667463424e-01 1.445544033739727396e-01 1.683071101982602258e+01
5.323224708195150034e-01 1.360900354946445734e-01 7.737245730200800864e+00
8.533392351521978947e-01 3.994440233736565316e-01 9.574420203127344209e+00
3.186459240920033187e-01 1.499242037070760147e-01 1.807806128027971226e+01
3.074639511929878610e-01 6.879672756027620240e-02 2.984540164721095845e+00
2.476577284300764958e-01 5.000509435782047457e-02 2.830374052972585375e+00
6.984600929132741554e-01 4.610199632585560980e-01 1.701662303726765302e+01
6.289975298439413054e-01 3.305612071619275505e-01 1.363133590138283147e+01
5.584308170309050245e-01 1.375817745741224063e-01 8.204905133891642777e+00
2.171562092284289314e+00 1.208400186815761446e+00 4.436261092329669964e+01
3.346906224889791837e-01 9.714438860277700705e-02 4.169640352451492227e+00
4.289370885825845581e-01 1.587445994563282670e-01 1.321323401836736089e+01
5.018139943671735548e-01 3.090241020031128105e-01 9.365880648676112585e+00
6.214260318173361330e-01 2.612334520350154121e-01 6.734337085317712024e+00
3.333610834540692847e-01 9.894629158263307245e-02 4.855259308330709622e+00
8.471697000977992387e-01 4.238682449783993111e-01 1.029414136751586639e+01
7.571816621248727008e-01 4.780448471672995581e-01 1.209258131751537135e+01
6.306052864869264862e-01 4.337125741084394970e-01 1.445343382749693895e+01
5.126449676084832152e-01 1.949158314806347103e-01 5.604183414280062614e+00
4.047581285987014166e-01 1.545763743770498244e-01 6.152323554700263486e+00
5.795829634748528303e-01 4.141767171109096979e-01 1.917082109955282476e+01
2.539767530199695811e-01 5.417185933699763395e-02 2.779726966300870128e+00
5.734853033604024874e-01 2.254112129445295098e-01 1.070966518945336432e+01
1.246791006847034256e+00 1.016873987019806913e+00 2.026464791083709827e+01
5.818478245549668637e-01 2.177773423292316268e-01 6.930453500530673772e+00
5.692864445927215966e-01 3.477329647344818420e-01 1.993482839663144190e+01
4.465748355634854838e-01 9.109695912687748587e-02 4.112240283147554187e+00
3.708760250355885857e-01 1.064211009484993115e-01 3.859369903313334849e+00
8.955970387681163603e-01 5.079777733708938925e-01 8.336105658704640931e+00
1.674161006002966134e+00 1.023464855447160371e+00 2.692118123198620694e+01
3.115055155883957316e-01 7.579880691207151189e-02 4.407391602362100258e+00
2.793491002200535478e-01 7.930171326180407432e-02 4.284089096991359646e+00
6.123515246305145654e-01 2.798961236245099959e-01 6.672732285466103974e+00
3.631953791942785226e-01 1.152215536461587420e-01 7.077861313918322850e+00
3.977032860790608026e-01 1.065626050653850354e-01 5.470268373241930604e+00
5.376131564777792970e-01 4.057439190972753074e-01 1.699080625295002278e+01
7.119271009505845349e-01 3.131698540242713880e-01 9.450359515110664077e+00
4.377428835327600298e-01 1.742513020932572043e-01 1.599060807025566611e+01
4.112114608896385026e-01 6.897479533445509403e-02 4.603113253506787572e+00
1.707680063241790169e-01 4.361281545049008196e-02 6.820146342332867206e+00
4.816447663599148221e-01 1.189728696654542006e-01 7.608146258134009798e+00
4.625237638953607067e-01 1.881827130673482951e-01 1.720815528345231726e+01
5.876250328557905966e-01 3.068416977548829028e-01 1.674264955556933288e+01
2.459347181625135825e-01 7.375679896970732674e-02 4.571863518151937811e+00
2.653841227363720190e-01 9.643279676679569756e-02 1.673073678506050044e+01
5.331434849579118618e-01 2.743221446019136200e-01 1.419218807047083963e+01
9.614826631391610867e-01 6.304348683112234175e-01 1.372222138042231343e+01
2.458627047710457147e-01 4.866447721179084640e-02 2.661048715122921848e+00
2.834460099095045815e-01 1.046087065249228093e-01 5.071729219690328527e+00
4.037262956457938201e-01 2.726099126461696276e-01 1.254144927726659375e+01
7.589003538715619612e-01 4.857437865586503589e-01 1.471764522063593006e+01
1.531171061241314857e-01 1.030066427198690349e-01 1.528847549269229766e+01
5.388862881970469809e-01 3.377985172961316951e-01 2.245720759715803538e+01
6.966033420312333080e-01 2.810401804715135787e-01 7.019572509983779796e+00
3.614291132142057883e-01 1.642516021697304207e-01 1.888126035265038283e+01
4.382309271576262377e-01 1.522388387689409817e-01 5.280717072956028879e+00
5.291409642454845130e-01 1.471069943533518942e-01 7.867323320175754198e+00
1.802515245618679096e-01 5.519561208710005440e-02 8.219143443163389406e+00
7.079300905902036201e-01 4.967770391501026284e-01 1.558587950103336794e+01
2.902403660270084229e-01 7.290207636665051172e-02 3.624623229275851344e+00
4.639269414290541627e-01 2.534225850386421786e-01 7.947752262257625766e+00
7.236537442164289180e-01 4.942669085392057959e-01 1.985840545135684820e+01
7.935527558935325798e-01 3.726708848364418958e-01 7.286211958067938532e+00
5.513167542479152639e-01 2.375623133356006833e-01 5.906965109119073354e+00
3.384043829616594223e-01 9.588832594020130218e-02 8.908750589870654935e+00
6.069658597332807659e-01 3.573184585307546679e-01 9.029642793509419008e+00
1.321248122607910247e+00 8.117758455728383282e-01 1.533676583863642584e+01
6.870346422616190329e-01 2.974213344437260931e-01 6.208757215444148159e+00
3.249387236211166985e-01 1.384999016370191682e-01 6.425182201334989962e+00
2.663599733354483079e-01 7.566624356789455885e-02 1.288439169390327876e+01
4.145373231488436727e-01 1.878654718449694339e-01 6.248658658631618401e+00
5.387419212818799208e-01 2.560031355676588016e-01 7.034140308682577114e+00
1.226675448003266444e+00 8.947114543203465997e-01 1.639335866579411416e+01
4.313939032052638844e-01 1.937998312160393310e-01 6.199672970580724751e+00
5.178001539628879213e-01 2.883628931680068397e-01 7.409746409772710152e+00
4.851527701601603959e-01 2.712495480720251706e-01 8.009430909611790383e+00
4.125190732718660436e-01 1.822790331789392870e-01 6.085297284832242859e+00
9.300655919493546753e-01 5.423810415104156624e-01 9.534521621371970568e+00
6.010873733570196720e-01 2.969741788922918846e-01 8.050718261542574083e+00
4.494796099352823537e-01 2.487627292024470471e-01 8.004916729381378104e+00
4.720540304396741438e-01 2.447204461703801626e-01 7.746898988467100011e+00
1.200700260733985170e+00 1.121775587753417236e+00 1.969898786989949002e+01
4.267954367604995247e-01 1.568096488690436385e-01 4.895346679252893018e+00
2.240978661480223233e-01 9.503657040661910027e-02 7.590411536958979966e+00
6.157238353846646861e-01 3.270830323744832180e-01 8.358242325702445186e+00
7.249188254323702951e-01 3.077260014629227269e-01 8.031015533471100198e+00
1.840745959876359528e-01 4.577000519785186933e-02 5.886106169137866218e+00
6.773465078526808014e-01 2.999502593745396739e-01 9.036714040912595891e+00
6.743399378664519661e-01 4.827757057361815596e-01 1.449808476310346705e+01
6.450257751348505986e-01 4.682984670382944747e-01 1.365428118041165995e+01
1.380202269988367869e-01 6.992345097185727332e-02 7.272214623128958166e+00
7.019170206405474233e-02 7.441184832008793104e-02 2.376856531780860848e+01
9.211785236012740019e-02 3.595522761144568508e-02 5.746604699687622109e+00
7.512974052531053160e-02 5.192793643417176197e-02 1.220684620400868958e+01
5.968131325781041857e-02 9.014743976294084526e-02 2.923209923509093855e+01
1.009546409193192440e-01 5.200892950146709243e-02 9.639848143752372422e+00
6.691706526563469259e-02 4.972579585568690647e-02 1.333835066013966753e+01
9.003936869214262950e-02 1.677974851798314238e-01 3.370795315002633430e+01
8.404366247917964550e-02 9.458069017781682575e-02 1.956317412508173348e+01
5.158550927975426303e-02 5.400059247753978553e-02 1.740315844338798712e+01
6.772881236384525883e-02 7.193673946150061504e-02 3.525559138642856993e+01
5.359635281454961514e-02 9.497162607356400554e-02 3.443755575849166206e+01
1.110723872844383564e-01 5.334989924627323715e-02 8.625578657090320789e+00
1.267723840522110290e-01 1.420895037025476371e-01 1.739097127021810962e+01
6.688304312776478799e-02 4.935704043842144978e-02 1.653497347280992358e+01
6.884669389144365548e-02 5.307618720524454048e-02 1.274443590979261032e+01
7.171568883340440070e-02 1.236832989531904264e-01 2.688432723302312155e+01
1.098321152841822412e-01 1.393961484046816468e-01 1.932972504709539763e+01
2.379789570062578186e-01 7.279251603019876171e-02 5.443135387421105698e+00
1.085970777375910440e-01 1.336473994258934317e-01 1.774199087712506895e+01
8.507071464105071812e-02 6.492057659819423787e-02 1.148228362261754221e+01
7.845281848868346231e-02 1.097400653568032236e-01 2.082253098716094541e+01
6.707770342966873356e-02 9.884390951667527958e-02 2.636483178545855921e+01
1.098613263810164775e-01 1.356372327758652574e-01 1.832936626755400411e+01
8.437666085214606815e-02 5.051223837669040206e-02 9.246540620041622915e+00
9.021984316619578725e-02 5.327853423613147787e-02 1.011713930020164298e+01
1.114769112280786512e-01 4.792215756580912173e-02 6.143435062825717274e+00
7.729507932862342279e-02 1.054274148296982100e-01 2.945427841895412158e+01
8.168647480050583720e-02 2.907536865329556422e-02 7.620007465741579722e+00
5.364263069701392245e-02 9.729047448771636908e-02 4.348793497775065475e+01
8.154049612588575024e-02 1.280638939007792965e-01 2.246491343282457365e+01
9.827131117898862955e-02 5.660596872147007769e-02 8.914495082018458305e+00
1.196263220742875000e-01 1.775716742625546019e-01 2.690660612136290908e+01
8.003781617747837696e-02 1.024705918124485110e-01 2.113758421868257642e+01
1.146726884428935084e-01 1.354729099400310000e-01 1.894732326564830061e+01
8.632479005918733406e-02 9.450768565048126013e-02 1.935858265492311148e+01
6.557553431948490164e-02 6.756931068133087415e-02 1.950895002408875811e+01
7.414767417129107530e-02 9.099718361446844372e-02 2.280976858969232879e+01
8.945214291396878792e-02 4.891339995196399004e-02 1.206782208616963281e+01
5.955512335901495119e-02 7.406891449225393165e-02 2.140559576087654747e+01
7.545707028152828788e-02 1.276832790127903350e-01 3.036409144316991160e+01
8.980386595049197340e-02 1.245053791921991448e-01 2.834805678607952117e+01
6.210638725192885873e-02 9.507955715398203056e-02 2.646522479159419206e+01
4.149326860444002563e-02 8.245960127532468709e-02 3.863384231573867567e+01
9.180167291144833430e-02 1.819295174007723448e-01 3.211083372734392327e+01
9.383352353180887673e-02 5.287493191640459805e-02 9.775961784373269126e+00
7.570549950176845566e-02 1.083620227402135178e-01 2.586780303248811919e+01
9.414582853576583532e-02 4.529628473299910502e-02 9.035154299188306481e+00
6.185431021479233238e-02 4.686152531611820909e-02 1.312493398741487738e+01
7.003733689208238578e-02 9.099977964275259013e-02 2.750659828004162932e+01
8.434246635204872833e-02 1.160884783000284415e-01 1.994240311487712347e+01
6.942108606525886072e-02 1.225663474720516677e-01 2.909435359901707230e+01
9.046835044238739354e-02 5.818482421050008568e-02 1.180432556926751353e+01
7.919647459387051114e-02 1.001155946202363506e-01 2.563464805845600125e+01
8.761443221009082571e-02 4.311007495937400902e-02 8.626304517958397255e+00
7.697630534301401484e-02 4.422747057665459697e-02 8.940106234013835973e+00
6.306814264368695855e-02 5.891768104131334810e-02 1.348778202066032961e+01
1.078494302376155067e-01 4.312409174246018689e-02 1.070261373404314931e+01
7.225365545401210565e-02 4.093261003769060880e-02 9.606075320797582862e+00
7.708608069131603346e-02 5.436616862765722424e-02 1.685709332900413671e+01
1.145051844466229291e-01 1.507952958062323268e-01 1.980630158343756264e+01
9.174601821024336301e-02 5.318425995961358066e-02 9.192010134201169080e+00
9.250476902432401560e-02 4.989150999271669412e-02 8.618456026683588789e+00
7.659793970793497830e-02 4.568425862807422994e-02 9.295030620305752223e+00
6.812996045433322712e-02 1.230567661369489918e-01 2.934183542637290643e+01
8.962959961438529688e-02 7.107480100783969412e-02 1.423117559360858841e+01
7.346954581178401222e-02 8.638124946135183890e-02 1.785260975790043858e+01
7.234801657014371112e-02 9.619951763596812366e-02 2.025311294353982561e+01
9.608282685788760435e-02 5.429557026860142022e-02 9.184388569857414808e+00
6.305796537881368236e-02 9.182784311419421586e-02 3.482739619547088950e+01
6.768454773620276310e-02 1.299520149003867975e-01 3.890252361890290445e+01
9.474819140437508447e-02 1.414157930685603914e-01 2.323277433471319853e+01
7.365559762797382892e-02 6.200993793095891521e-02 2.233964234748077615e+01
6.231698329762049710e-02 4.360291373614578331e-02 1.131573460008281451e+01
6.622047950029691377e-02 1.063301222224994208e-01 2.727149938617274927e+01
7.817300471783143745e-02 9.537988297751205657e-02 2.415416538650175227e+01
7.535311348724242630e-02 9.039966488157137603e-02 1.984251098560249460e+01
6.737263924296230111e-02 7.652252912588487777e-02 2.102697597049940370e+01
6.439088531939894666e-02 5.907708436863567947e-02 2.116734153725225198e+01
1.530206917144521783e-01 1.069394311294780964e-01 1.475035039946842730e+01
9.183112158072068154e-02 7.488990995536180806e-02 1.492441154381637958e+01
7.712903955815547663e-02 1.454764048556607126e-01 3.120928970018583826e+01
6.092188279908553050e-02 1.077341062103012864e-01 3.032582358075791618e+01
4.730819055610758356e-02 4.641118966936200879e-02 2.237035577330400571e+01
6.568265625068113456e-02 8.693599162566653660e-02 2.588830940265685143e+01
7.894643209467569478e-02 5.189081886202336763e-02 9.852514725415520758e+00
7.532173516296215843e-02 1.129207956154242021e-01 2.801686862517787446e+01
1.613548246488703541e-01 5.133621195498414697e-02 4.273722602901942835e+00
5.544986960265970571e-02 1.050042187867899907e-01 3.541497477621480527e+01
7.237168275441850651e-02 8.140071980117585815e-02 3.047747926010107022e+01
8.484465683297275074e-02 4.787938887913108926e-02 1.092230970693560899e+01
7.588577527702140835e-02 1.238087593118354646e-01 2.560381343917769215e+01
8.643187736792277975e-02 1.071695918128798136e-01 2.376650437359338142e+01
6.444436900395657253e-02 7.467999162760943777e-02 1.944660564040859541e+01
6.422155710150016794e-02 5.440537848812187355e-02 1.530679476263762773e+01
4.950678831443731942e-02 5.071846499109831929e-02 1.885940085036164149e+01
5.718141786472603211e-02 9.643273909960621559e-02 3.075569655731725405e+01
8.892542419048529712e-02 7.235078844614796501e-02 1.519792774950207459e+01
1.113355425977429619e-01 1.010108928509138443e-01 1.963177300258507785e+01
8.348049050202210886e-02 7.751814958784480902e-02 2.304488948684894112e+01
